,Open,High,Low,Close,Adj Close,Volume,Date,Stock
0,10.23,10.5,10.18,10.41,10.41,27400.0,2017-07-10T00:00:00,AGYS
1,10.46,10.57,10.22,10.4,10.4,36200.0,2017-07-11T00:00:00,AGYS
2,10.57,10.71,10.48,10.58,10.58,38300.0,2017-07-12T00:00:00,AGYS
3,10.61,10.74,10.46,10.7,10.7,15600.0,2017-07-13T00:00:00,AGYS
4,10.62,10.78,10.48,10.73,10.73,28000.0,2017-07-14T00:00:00,AGYS
5,10.72,10.84,10.57,10.69,10.69,19300.0,2017-07-17T00:00:00,AGYS
6,10.66,10.67,10.57,10.66,10.66,13900.0,2017-07-18T00:00:00,AGYS
7,10.65,10.88,10.65,10.8,10.8,15600.0,2017-07-19T00:00:00,AGYS
8,10.8,10.8,10.41,10.49,10.49,27200.0,2017-07-20T00:00:00,AGYS
9,10.61,10.61,10.38,10.38,10.38,78200.0,2017-07-21T00:00:00,AGYS
10,10.37,10.37,10.26,10.31,10.31,19400.0,2017-07-24T00:00:00,AGYS
11,10.31,10.58,10.31,10.47,10.47,60900.0,2017-07-25T00:00:00,AGYS
12,10.46,10.52,10.4,10.42,10.42,28900.0,2017-07-26T00:00:00,AGYS
13,10.4,10.44,10.11,10.15,10.15,22600.0,2017-07-27T00:00:00,AGYS
14,10.05,10.12,10.0,10.05,10.05,21800.0,2017-07-28T00:00:00,AGYS
15,10.05,10.13,9.94,10.06,10.06,36900.0,2017-07-31T00:00:00,AGYS
16,10.09,10.3,10.07,10.27,10.27,58200.0,2017-08-01T00:00:00,AGYS
17,10.26,10.26,9.98,10.01,10.01,22800.0,2017-08-02T00:00:00,AGYS
18,10.0,10.23,9.8,10.23,10.23,43300.0,2017-08-03T00:00:00,AGYS
19,10.3,10.63,10.23,10.43,10.43,25100.0,2017-08-04T00:00:00,AGYS
20,10.42,10.42,10.1,10.25,10.25,36900.0,2017-08-07T00:00:00,AGYS
21,10.18,10.39,10.05,10.21,10.21,13700.0,2017-08-08T00:00:00,AGYS
22,10.09,10.2,9.98,10.03,10.03,31700.0,2017-08-09T00:00:00,AGYS
23,10.0,10.25,10.0,10.2,10.2,39700.0,2017-08-10T00:00:00,AGYS
24,10.17,10.31,10.08,10.26,10.26,38300.0,2017-08-11T00:00:00,AGYS
25,10.21,10.5,10.21,10.5,10.5,16700.0,2017-08-14T00:00:00,AGYS
26,10.5,10.5,10.43,10.48,10.48,28300.0,2017-08-15T00:00:00,AGYS
27,10.47,10.55,10.37,10.37,10.37,16000.0,2017-08-16T00:00:00,AGYS
28,10.33,10.34,10.23,10.26,10.26,27000.0,2017-08-17T00:00:00,AGYS
29,10.14,10.34,10.14,10.33,10.33,15800.0,2017-08-18T00:00:00,AGYS
30,10.19,10.33,10.09,10.11,10.11,15600.0,2017-08-21T00:00:00,AGYS
31,10.22,10.37,10.16,10.37,10.37,11600.0,2017-08-22T00:00:00,AGYS
32,10.24,10.37,10.0,10.05,10.05,29200.0,2017-08-23T00:00:00,AGYS
33,10.06,10.19,10.05,10.13,10.13,13400.0,2017-08-24T00:00:00,AGYS
34,10.03,10.27,10.03,10.26,10.26,10700.0,2017-08-25T00:00:00,AGYS
35,10.16,10.19,10.1,10.16,10.16,20400.0,2017-08-28T00:00:00,AGYS
36,10.1,10.37,10.1,10.29,10.29,36500.0,2017-08-29T00:00:00,AGYS
37,10.26,10.42,10.24,10.38,10.38,17900.0,2017-08-30T00:00:00,AGYS
38,10.4,10.42,10.22,10.29,10.29,38300.0,2017-08-31T00:00:00,AGYS
39,10.39,10.5,10.29,10.49,10.49,95400.0,2017-09-01T00:00:00,AGYS
40,10.49,10.67,10.45,10.5,10.5,51500.0,2017-09-05T00:00:00,AGYS
41,10.5,10.66,10.42,10.52,10.52,53500.0,2017-09-06T00:00:00,AGYS
42,10.6,10.68,10.49,10.54,10.54,26700.0,2017-09-07T00:00:00,AGYS
43,10.66,10.66,10.54,10.58,10.58,43600.0,2017-09-08T00:00:00,AGYS
44,10.69,10.69,10.59,10.65,10.65,23400.0,2017-09-11T00:00:00,AGYS
45,10.66,10.7,10.58,10.64,10.64,15600.0,2017-09-12T00:00:00,AGYS
46,10.66,10.66,10.56,10.6,10.6,26800.0,2017-09-13T00:00:00,AGYS
47,10.57,10.63,10.55,10.61,10.61,12600.0,2017-09-14T00:00:00,AGYS
48,10.55,10.68,10.54,10.6,10.6,180200.0,2017-09-15T00:00:00,AGYS
49,10.58,10.75,10.58,10.69,10.69,34500.0,2017-09-18T00:00:00,AGYS
50,10.67,10.7,10.64,10.65,10.65,37100.0,2017-09-19T00:00:00,AGYS
51,10.71,10.74,10.57,10.6,10.6,37800.0,2017-09-20T00:00:00,AGYS
52,10.57,10.65,10.49,10.5,10.5,112500.0,2017-09-21T00:00:00,AGYS
53,10.42,10.65,10.42,10.62,10.62,485900.0,2017-09-22T00:00:00,AGYS
54,10.63,11.15,10.6,11.14,11.14,135700.0,2017-09-25T00:00:00,AGYS
55,11.24,11.77,11.16,11.68,11.68,58100.0,2017-09-26T00:00:00,AGYS
56,11.68,11.99,11.6,11.88,11.88,64900.0,2017-09-27T00:00:00,AGYS
57,11.87,11.99,11.53,11.99,11.99,29500.0,2017-09-28T00:00:00,AGYS
58,12.0,12.14,11.85,11.95,11.95,77500.0,2017-09-29T00:00:00,AGYS
59,12.02,12.25,11.56,12.09,12.09,113500.0,2017-10-02T00:00:00,AGYS
60,12.17,12.2,12.04,12.09,12.09,79600.0,2017-10-03T00:00:00,AGYS
61,12.1,12.1,11.86,12.01,12.01,142600.0,2017-10-04T00:00:00,AGYS
62,12.09,12.6,12.01,12.46,12.46,1290700.0,2017-10-05T00:00:00,AGYS
63,12.42,12.75,12.4,12.68,12.68,60200.0,2017-10-06T00:00:00,AGYS
64,12.75,12.75,12.46,12.55,12.55,44900.0,2017-10-09T00:00:00,AGYS
65,12.54,12.75,12.42,12.68,12.68,58600.0,2017-10-10T00:00:00,AGYS
66,12.69,12.75,12.65,12.69,12.69,44100.0,2017-10-11T00:00:00,AGYS
67,12.75,12.94,12.31,12.8,12.8,142400.0,2017-10-12T00:00:00,AGYS
68,12.77,12.87,12.37,12.8,12.8,28500.0,2017-10-13T00:00:00,AGYS
69,12.77,12.91,12.57,12.75,12.75,48800.0,2017-10-16T00:00:00,AGYS
70,12.68,12.77,12.39,12.48,12.48,45400.0,2017-10-17T00:00:00,AGYS
71,12.5,12.73,12.4,12.45,12.45,44900.0,2017-10-18T00:00:00,AGYS
72,12.44,12.63,12.12,12.25,12.25,37300.0,2017-10-19T00:00:00,AGYS
73,12.39,12.39,11.9,12.22,12.22,174100.0,2017-10-20T00:00:00,AGYS
74,12.28,12.47,12.11,12.17,12.17,48500.0,2017-10-23T00:00:00,AGYS
75,12.25,12.25,12.13,12.19,12.19,221000.0,2017-10-24T00:00:00,AGYS
76,12.37,12.37,12.01,12.09,12.09,29900.0,2017-10-25T00:00:00,AGYS
77,12.07,12.12,11.82,11.94,11.94,59400.0,2017-10-26T00:00:00,AGYS
78,12.03,12.03,11.86,11.97,11.97,48100.0,2017-10-27T00:00:00,AGYS
79,12.01,12.01,11.78,11.9,11.9,45100.0,2017-10-30T00:00:00,AGYS
80,11.97,12.32,11.96,12.27,12.27,80400.0,2017-10-31T00:00:00,AGYS
81,12.5,12.5,11.93,12.42,12.42,68200.0,2017-11-01T00:00:00,AGYS
82,12.21,12.39,11.68,12.31,12.31,79900.0,2017-11-02T00:00:00,AGYS
83,12.3,12.33,11.82,11.96,11.96,44700.0,2017-11-03T00:00:00,AGYS
84,12.06,12.07,12.0,12.02,12.02,36700.0,2017-11-06T00:00:00,AGYS
85,12.01,12.01,11.66,11.74,11.74,36600.0,2017-11-07T00:00:00,AGYS
86,11.65,11.66,11.4,11.53,11.53,44300.0,2017-11-08T00:00:00,AGYS
87,11.45,11.84,11.31,11.75,11.75,81700.0,2017-11-09T00:00:00,AGYS
88,11.76,12.36,11.3,11.84,11.84,46900.0,2017-11-10T00:00:00,AGYS
89,11.84,12.26,11.64,12.24,12.24,81300.0,2017-11-13T00:00:00,AGYS
90,12.31,12.31,11.87,11.89,11.89,64100.0,2017-11-14T00:00:00,AGYS
91,11.85,11.9,11.71,11.85,11.85,34900.0,2017-11-15T00:00:00,AGYS
92,11.89,12.2,11.74,12.08,12.08,45700.0,2017-11-16T00:00:00,AGYS
93,12.04,12.04,11.81,11.86,11.86,93800.0,2017-11-17T00:00:00,AGYS
94,11.87,12.02,11.77,11.9,11.9,16300.0,2017-11-20T00:00:00,AGYS
95,11.94,12.24,11.94,12.09,12.09,41500.0,2017-11-21T00:00:00,AGYS
96,12.13,12.29,11.9,12.09,12.09,69700.0,2017-11-22T00:00:00,AGYS
97,12.08,12.16,12.0,12.12,12.12,15800.0,2017-11-24T00:00:00,AGYS
98,12.01,12.36,11.93,11.93,11.93,59000.0,2017-11-27T00:00:00,AGYS
99,11.95,12.24,11.95,12.21,12.21,39600.0,2017-11-28T00:00:00,AGYS
100,12.2,12.31,12.08,12.25,12.25,39100.0,2017-11-29T00:00:00,AGYS
101,12.26,12.35,12.21,12.24,12.24,55600.0,2017-11-30T00:00:00,AGYS
102,12.29,12.32,11.87,12.23,12.23,36600.0,2017-12-01T00:00:00,AGYS
103,12.23,12.28,11.95,12.03,12.03,28700.0,2017-12-04T00:00:00,AGYS
104,12.04,12.11,11.91,12.06,12.06,24400.0,2017-12-05T00:00:00,AGYS
105,12.05,12.24,12.02,12.16,12.16,26200.0,2017-12-06T00:00:00,AGYS
106,11.99,12.98,11.99,12.48,12.48,351100.0,2017-12-07T00:00:00,AGYS
107,12.46,12.49,12.22,12.42,12.42,41200.0,2017-12-08T00:00:00,AGYS
108,12.33,12.44,12.1,12.29,12.29,78000.0,2017-12-11T00:00:00,AGYS
109,12.3,12.39,12.15,12.21,12.21,20200.0,2017-12-12T00:00:00,AGYS
110,12.22,12.45,12.22,12.3,12.3,34600.0,2017-12-13T00:00:00,AGYS
111,12.3,12.38,12.08,12.35,12.35,66900.0,2017-12-14T00:00:00,AGYS
112,12.34,12.68,11.99,12.31,12.31,372300.0,2017-12-15T00:00:00,AGYS
113,12.4,12.7,12.4,12.5,12.5,34700.0,2017-12-18T00:00:00,AGYS
114,12.5,12.57,12.39,12.46,12.46,50500.0,2017-12-19T00:00:00,AGYS
115,12.5,12.53,12.28,12.42,12.42,16900.0,2017-12-20T00:00:00,AGYS
116,12.44,12.63,12.43,12.48,12.48,38100.0,2017-12-21T00:00:00,AGYS
117,12.43,12.49,12.29,12.38,12.38,31100.0,2017-12-22T00:00:00,AGYS
118,12.31,12.43,12.11,12.31,12.31,24200.0,2017-12-26T00:00:00,AGYS
119,12.21,12.41,12.17,12.29,12.29,42900.0,2017-12-27T00:00:00,AGYS
120,12.28,12.45,12.28,12.41,12.41,39200.0,2017-12-28T00:00:00,AGYS
121,12.42,12.42,12.24,12.28,12.28,29100.0,2017-12-29T00:00:00,AGYS
122,12.34,12.61,12.33,12.47,12.47,135500.0,2018-01-02T00:00:00,AGYS
123,12.46,12.61,12.39,12.53,12.53,44400.0,2018-01-03T00:00:00,AGYS
124,12.7,12.73,12.49,12.72,12.72,28900.0,2018-01-04T00:00:00,AGYS
125,12.74,12.74,12.22,12.28,12.28,31800.0,2018-01-05T00:00:00,AGYS
126,12.29,12.31,12.14,12.22,12.22,24400.0,2018-01-08T00:00:00,AGYS
127,12.23,12.31,12.0,12.18,12.18,39900.0,2018-01-09T00:00:00,AGYS
128,12.11,12.38,12.11,12.25,12.25,34200.0,2018-01-10T00:00:00,AGYS
129,12.28,12.48,12.22,12.39,12.39,52900.0,2018-01-11T00:00:00,AGYS
130,12.4,12.74,12.39,12.54,12.54,33900.0,2018-01-12T00:00:00,AGYS
131,12.72,12.88,12.39,12.41,12.41,47500.0,2018-01-16T00:00:00,AGYS
132,12.48,12.75,12.47,12.65,12.65,22000.0,2018-01-17T00:00:00,AGYS
133,12.58,12.64,12.35,12.49,12.49,19300.0,2018-01-18T00:00:00,AGYS
134,12.46,12.64,12.35,12.53,12.53,25100.0,2018-01-19T00:00:00,AGYS
135,12.46,12.55,12.35,12.46,12.46,18300.0,2018-01-22T00:00:00,AGYS
136,12.46,12.47,12.24,12.37,12.37,18200.0,2018-01-23T00:00:00,AGYS
137,12.41,12.42,12.22,12.25,12.25,36500.0,2018-01-24T00:00:00,AGYS
138,12.25,13.0,12.22,12.85,12.85,90300.0,2018-01-25T00:00:00,AGYS
139,12.75,12.91,12.35,12.41,12.41,25800.0,2018-01-26T00:00:00,AGYS
140,12.36,12.36,12.07,12.24,12.24,39700.0,2018-01-29T00:00:00,AGYS
141,12.19,12.27,12.01,12.09,12.09,36700.0,2018-01-30T00:00:00,AGYS
142,12.09,12.25,12.0,12.0,12.0,26500.0,2018-01-31T00:00:00,AGYS
143,12.0,12.63,12.0,12.55,12.55,85500.0,2018-02-01T00:00:00,AGYS
144,12.44,12.72,12.34,12.43,12.43,77000.0,2018-02-02T00:00:00,AGYS
145,12.35,12.62,12.0,12.19,12.19,37800.0,2018-02-05T00:00:00,AGYS
146,12.0,12.17,11.55,11.91,11.91,58300.0,2018-02-06T00:00:00,AGYS
147,11.89,12.07,11.66,11.76,11.76,72900.0,2018-02-07T00:00:00,AGYS
148,11.75,11.81,11.46,11.46,11.46,55500.0,2018-02-08T00:00:00,AGYS
149,11.59,11.75,11.24,11.28,11.28,97200.0,2018-02-09T00:00:00,AGYS
150,11.33,11.64,11.3,11.43,11.43,34100.0,2018-02-12T00:00:00,AGYS
151,11.38,11.62,11.17,11.43,11.43,30000.0,2018-02-13T00:00:00,AGYS
152,11.39,11.63,11.31,11.47,11.47,21200.0,2018-02-14T00:00:00,AGYS
153,11.49,11.89,11.49,11.75,11.75,17100.0,2018-02-15T00:00:00,AGYS
154,11.7,12.09,11.55,11.59,11.59,25300.0,2018-02-16T00:00:00,AGYS
155,11.56,11.77,11.35,11.39,11.39,19300.0,2018-02-20T00:00:00,AGYS
156,11.41,11.93,11.41,11.7,11.7,36600.0,2018-02-21T00:00:00,AGYS
157,11.65,11.86,11.59,11.66,11.66,24500.0,2018-02-22T00:00:00,AGYS
158,11.77,11.77,11.46,11.54,11.54,18100.0,2018-02-23T00:00:00,AGYS
159,11.53,11.78,11.53,11.61,11.61,12800.0,2018-02-26T00:00:00,AGYS
160,11.61,11.8,11.54,11.57,11.57,24500.0,2018-02-27T00:00:00,AGYS
161,11.61,12.24,11.17,11.17,11.17,34000.0,2018-02-28T00:00:00,AGYS
162,11.18,11.53,10.77,11.09,11.09,24800.0,2018-03-01T00:00:00,AGYS
163,11.03,11.1,10.88,10.98,10.98,45900.0,2018-03-02T00:00:00,AGYS
164,10.95,11.19,10.95,10.99,10.99,48400.0,2018-03-05T00:00:00,AGYS
165,11.03,11.57,11.03,11.45,11.45,28400.0,2018-03-06T00:00:00,AGYS
166,11.37,11.71,11.19,11.55,11.55,24500.0,2018-03-07T00:00:00,AGYS
167,11.54,11.62,11.1,11.5,11.5,20000.0,2018-03-08T00:00:00,AGYS
168,11.54,11.78,11.29,11.78,11.78,23400.0,2018-03-09T00:00:00,AGYS
169,11.79,11.84,11.57,11.68,11.68,29000.0,2018-03-12T00:00:00,AGYS
170,11.74,12.03,11.64,11.94,11.94,29400.0,2018-03-13T00:00:00,AGYS
171,11.96,11.98,11.66,11.83,11.83,31700.0,2018-03-14T00:00:00,AGYS
172,11.89,12.0,11.69,11.86,11.86,14400.0,2018-03-15T00:00:00,AGYS
173,11.83,12.28,11.77,12.2,12.2,140300.0,2018-03-16T00:00:00,AGYS
174,12.18,12.18,11.79,11.98,11.98,26400.0,2018-03-19T00:00:00,AGYS
175,11.95,12.11,11.72,12.0,12.0,33600.0,2018-03-20T00:00:00,AGYS
176,12.01,12.36,11.8,11.86,11.86,29000.0,2018-03-21T00:00:00,AGYS
177,11.8,12.13,11.67,11.84,11.84,32900.0,2018-03-22T00:00:00,AGYS
178,11.73,11.85,11.6,11.63,11.63,50100.0,2018-03-23T00:00:00,AGYS
179,11.7,12.0,11.66,11.93,11.93,44400.0,2018-03-26T00:00:00,AGYS
180,12.0,12.24,11.76,11.8,11.8,28600.0,2018-03-27T00:00:00,AGYS
181,11.83,11.9,11.6,11.8,11.8,27900.0,2018-03-28T00:00:00,AGYS
182,11.82,11.97,11.62,11.92,11.92,70800.0,2018-03-29T00:00:00,AGYS
183,11.88,12.0,11.58,11.85,11.85,54600.0,2018-04-02T00:00:00,AGYS
184,11.9,12.15,11.81,12.1,12.1,53400.0,2018-04-03T00:00:00,AGYS
185,11.99,12.4,11.99,12.37,12.37,30400.0,2018-04-04T00:00:00,AGYS
186,12.46,12.46,12.31,12.36,12.36,44900.0,2018-04-05T00:00:00,AGYS
187,12.28,12.42,11.59,12.36,12.36,27400.0,2018-04-06T00:00:00,AGYS
188,12.44,12.5,12.02,12.06,12.06,35300.0,2018-04-09T00:00:00,AGYS
189,12.18,12.44,12.1,12.21,12.21,34100.0,2018-04-10T00:00:00,AGYS
190,12.13,12.23,12.0,12.12,12.12,41100.0,2018-04-11T00:00:00,AGYS
191,12.12,12.42,12.08,12.24,12.24,27900.0,2018-04-12T00:00:00,AGYS
192,12.26,12.26,11.91,12.04,12.04,72200.0,2018-04-13T00:00:00,AGYS
193,12.05,12.23,11.98,12.19,12.19,22500.0,2018-04-16T00:00:00,AGYS
194,12.26,12.4,12.24,12.35,12.35,26100.0,2018-04-17T00:00:00,AGYS
195,12.4,12.41,12.24,12.28,12.28,25900.0,2018-04-18T00:00:00,AGYS
196,12.29,12.29,12.14,12.24,12.24,8200.0,2018-04-19T00:00:00,AGYS
197,12.19,12.4,12.14,12.31,12.31,22500.0,2018-04-20T00:00:00,AGYS
198,12.3,12.43,12.22,12.28,12.28,22400.0,2018-04-23T00:00:00,AGYS
199,12.33,12.4,12.12,12.31,12.31,17700.0,2018-04-24T00:00:00,AGYS
200,12.25,12.36,12.01,12.24,12.24,32800.0,2018-04-25T00:00:00,AGYS
201,12.25,12.35,12.15,12.16,12.16,20400.0,2018-04-26T00:00:00,AGYS
202,12.2,12.22,11.79,11.84,11.84,16000.0,2018-04-27T00:00:00,AGYS
203,11.83,11.91,11.77,11.78,11.78,25500.0,2018-04-30T00:00:00,AGYS
204,11.74,11.85,11.6,11.81,11.81,21000.0,2018-05-01T00:00:00,AGYS
205,11.79,12.16,11.79,12.02,12.02,12300.0,2018-05-02T00:00:00,AGYS
206,12.02,12.06,11.78,11.87,11.87,16100.0,2018-05-03T00:00:00,AGYS
207,11.85,12.19,11.85,12.11,12.11,17500.0,2018-05-04T00:00:00,AGYS
208,12.12,12.19,11.93,12.09,12.09,33200.0,2018-05-07T00:00:00,AGYS
209,12.05,12.22,11.89,12.22,12.22,18700.0,2018-05-08T00:00:00,AGYS
210,12.21,12.25,12.03,12.21,12.21,18500.0,2018-05-09T00:00:00,AGYS
211,12.25,12.25,12.13,12.24,12.24,14400.0,2018-05-10T00:00:00,AGYS
212,12.25,12.26,11.81,12.01,12.01,30900.0,2018-05-11T00:00:00,AGYS
213,12.0,12.07,11.8,11.87,11.87,13400.0,2018-05-14T00:00:00,AGYS
214,11.85,12.04,11.68,11.94,11.94,29500.0,2018-05-15T00:00:00,AGYS
215,11.96,12.15,11.96,12.1,12.1,132300.0,2018-05-16T00:00:00,AGYS
216,12.06,12.59,12.06,12.54,12.54,23000.0,2018-05-17T00:00:00,AGYS
217,12.6,12.93,12.46,12.76,12.76,39100.0,2018-05-18T00:00:00,AGYS
218,12.79,12.88,12.66,12.71,12.71,29700.0,2018-05-21T00:00:00,AGYS
219,12.7,12.75,12.45,12.5,12.5,25700.0,2018-05-22T00:00:00,AGYS
220,12.47,12.88,12.47,12.73,12.73,24200.0,2018-05-23T00:00:00,AGYS
221,12.71,12.74,12.36,12.66,12.66,16900.0,2018-05-24T00:00:00,AGYS
222,13.12,13.98,12.94,13.88,13.88,351500.0,2018-05-25T00:00:00,AGYS
223,13.88,14.43,13.88,14.37,14.37,181200.0,2018-05-29T00:00:00,AGYS
224,14.35,14.39,14.21,14.33,14.33,75500.0,2018-05-30T00:00:00,AGYS
225,14.32,14.4,14.21,14.22,14.22,49500.0,2018-05-31T00:00:00,AGYS
226,14.23,14.25,14.09,14.22,14.22,76800.0,2018-06-01T00:00:00,AGYS
227,14.25,14.26,14.09,14.17,14.17,50300.0,2018-06-04T00:00:00,AGYS
228,14.16,14.21,13.96,14.05,14.05,76000.0,2018-06-05T00:00:00,AGYS
229,14.06,14.3,14.06,14.14,14.14,84100.0,2018-06-06T00:00:00,AGYS
230,14.14,14.14,14.02,14.11,14.11,50100.0,2018-06-07T00:00:00,AGYS
231,14.12,14.5,14.07,14.41,14.41,106200.0,2018-06-08T00:00:00,AGYS
232,14.4,14.55,14.39,14.51,14.51,79300.0,2018-06-11T00:00:00,AGYS
233,14.49,14.75,14.49,14.75,14.75,125300.0,2018-06-12T00:00:00,AGYS
234,14.76,14.9,14.68,14.72,14.72,72200.0,2018-06-13T00:00:00,AGYS
235,14.79,15.31,14.79,15.3,15.3,122000.0,2018-06-14T00:00:00,AGYS
236,15.3,15.62,15.24,15.3,15.3,170300.0,2018-06-15T00:00:00,AGYS
237,15.3,15.5,15.3,15.38,15.38,56500.0,2018-06-18T00:00:00,AGYS
238,15.32,15.5,15.29,15.43,15.43,72800.0,2018-06-19T00:00:00,AGYS
239,15.39,15.6,15.39,15.49,15.49,121600.0,2018-06-20T00:00:00,AGYS
240,15.5,15.58,15.33,15.55,15.55,71000.0,2018-06-21T00:00:00,AGYS
241,15.59,15.59,15.34,15.46,15.46,291900.0,2018-06-22T00:00:00,AGYS
242,15.38,15.5,15.06,15.19,15.19,44700.0,2018-06-25T00:00:00,AGYS
243,15.19,15.32,15.03,15.32,15.32,46600.0,2018-06-26T00:00:00,AGYS
244,15.5,15.55,15.22,15.22,15.22,60200.0,2018-06-27T00:00:00,AGYS
245,15.23,15.37,15.1,15.34,15.34,68500.0,2018-06-28T00:00:00,AGYS
246,15.39,15.6,15.32,15.5,15.5,97400.0,2018-06-29T00:00:00,AGYS
247,15.5,15.53,15.35,15.4,15.4,222200.0,2018-07-02T00:00:00,AGYS
248,15.48,15.8,15.48,15.71,15.71,103300.0,2018-07-03T00:00:00,AGYS
249,15.77,15.95,15.65,15.93,15.93,209700.0,2018-07-05T00:00:00,AGYS
250,15.94,16.280001,15.94,16.27,16.27,158700.0,2018-07-06T00:00:00,AGYS
251,16.299999,16.6,16.209999,16.549999,16.549999,189200.0,2018-07-09T00:00:00,AGYS
252,16.559999,16.799999,16.35,16.719999,16.719999,203000.0,2018-07-10T00:00:00,AGYS
253,16.709999,16.780001,16.299999,16.33,16.33,80800.0,2018-07-11T00:00:00,AGYS
254,16.43,16.620001,16.389999,16.540001,16.540001,119200.0,2018-07-12T00:00:00,AGYS
255,16.549999,16.549999,16.360001,16.49,16.49,28500.0,2018-07-13T00:00:00,AGYS
256,16.5,16.639999,16.379999,16.5,16.5,266500.0,2018-07-16T00:00:00,AGYS
257,16.469999,16.6,16.360001,16.440001,16.440001,46500.0,2018-07-17T00:00:00,AGYS
258,16.440001,16.459999,16.26,16.43,16.43,42400.0,2018-07-18T00:00:00,AGYS
259,16.43,16.530001,16.25,16.440001,16.440001,156600.0,2018-07-19T00:00:00,AGYS
260,16.450001,16.450001,16.33,16.379999,16.379999,36700.0,2018-07-20T00:00:00,AGYS
261,16.309999,16.790001,16.309999,16.42,16.42,76200.0,2018-07-23T00:00:00,AGYS
262,16.48,16.620001,16.34,16.58,16.58,247800.0,2018-07-24T00:00:00,AGYS
263,16.549999,16.709999,16.27,16.51,16.51,79500.0,2018-07-25T00:00:00,AGYS
264,16.52,16.639999,16.360001,16.639999,16.639999,71500.0,2018-07-26T00:00:00,AGYS
265,16.65,16.700001,16.049999,16.129999,16.129999,79400.0,2018-07-27T00:00:00,AGYS
266,16.120001,16.4,15.76,16.15,16.15,95400.0,2018-07-30T00:00:00,AGYS
267,16.139999,16.530001,16.02,16.450001,16.450001,91000.0,2018-07-31T00:00:00,AGYS
268,16.469999,16.49,16.129999,16.35,16.35,69300.0,2018-08-01T00:00:00,AGYS
269,16.549999,16.549999,15.11,15.44,15.44,357500.0,2018-08-02T00:00:00,AGYS
270,15.41,15.41,14.61,14.72,14.72,103400.0,2018-08-03T00:00:00,AGYS
271,14.75,15.56,14.75,15.47,15.47,107000.0,2018-08-06T00:00:00,AGYS
272,15.48,15.51,14.67,15.26,15.26,34600.0,2018-08-07T00:00:00,AGYS
273,15.43,15.51,15.25,15.47,15.47,78200.0,2018-08-08T00:00:00,AGYS
274,15.56,15.87,15.46,15.75,15.75,192800.0,2018-08-09T00:00:00,AGYS
275,15.76,16.07,15.74,15.95,15.95,134700.0,2018-08-10T00:00:00,AGYS
276,15.9,16.09,15.75,15.84,15.84,47300.0,2018-08-13T00:00:00,AGYS
277,15.85,16.08,15.75,15.95,15.95,87200.0,2018-08-14T00:00:00,AGYS
278,15.91,16.01,15.77,15.84,15.84,46300.0,2018-08-15T00:00:00,AGYS
279,15.9,16.17,15.85,15.92,15.92,66300.0,2018-08-16T00:00:00,AGYS
280,15.92,16.08,15.8,15.97,15.97,47900.0,2018-08-17T00:00:00,AGYS
281,15.96,15.96,15.75,15.85,15.85,48100.0,2018-08-20T00:00:00,AGYS
282,15.88,16.040001,15.88,15.99,15.99,75200.0,2018-08-21T00:00:00,AGYS
283,16.0,16.17,15.97,16.129999,16.129999,73300.0,2018-08-22T00:00:00,AGYS
284,16.120001,16.52,15.88,16.450001,16.450001,40100.0,2018-08-23T00:00:00,AGYS
285,16.51,16.74,16.49,16.700001,16.700001,56500.0,2018-08-24T00:00:00,AGYS
286,16.75,16.870001,16.33,16.48,16.48,98900.0,2018-08-27T00:00:00,AGYS
287,16.51,16.58,16.17,16.27,16.27,34000.0,2018-08-28T00:00:00,AGYS
288,16.280001,16.530001,16.1,16.139999,16.139999,43400.0,2018-08-29T00:00:00,AGYS
289,16.15,16.23,16.0,16.1,16.1,28400.0,2018-08-30T00:00:00,AGYS
290,16.07,16.09,15.89,16.07,16.07,21300.0,2018-08-31T00:00:00,AGYS
291,15.98,15.98,15.04,15.42,15.42,108900.0,2018-09-04T00:00:00,AGYS
292,15.43,15.45,14.97,15.33,15.33,47900.0,2018-09-05T00:00:00,AGYS
293,15.33,15.55,15.22,15.5,15.5,37900.0,2018-09-06T00:00:00,AGYS
294,15.47,15.71,15.34,15.57,15.57,43900.0,2018-09-07T00:00:00,AGYS
295,15.59,15.86,15.54,15.61,15.61,42900.0,2018-09-10T00:00:00,AGYS
296,15.61,15.81,15.58,15.6,15.6,38700.0,2018-09-11T00:00:00,AGYS
297,15.56,15.62,15.39,15.56,15.56,37200.0,2018-09-12T00:00:00,AGYS
298,15.58,15.88,15.57,15.76,15.76,65300.0,2018-09-13T00:00:00,AGYS
299,15.75,16.41,15.75,16.33,16.33,383400.0,2018-09-14T00:00:00,AGYS
300,16.459999,16.57,15.97,16.23,16.23,72000.0,2018-09-17T00:00:00,AGYS
301,16.23,16.540001,15.89,16.0,16.0,272500.0,2018-09-18T00:00:00,AGYS
302,16.030001,16.41,15.97,16.299999,16.299999,123200.0,2018-09-19T00:00:00,AGYS
303,16.35,16.440001,16.219999,16.290001,16.290001,74900.0,2018-09-20T00:00:00,AGYS
304,16.290001,16.290001,15.95,15.99,15.99,370200.0,2018-09-21T00:00:00,AGYS
305,15.95,16.42,15.85,16.23,16.23,117600.0,2018-09-24T00:00:00,AGYS
306,16.24,16.459999,16.0,16.1,16.1,61700.0,2018-09-25T00:00:00,AGYS
307,16.110001,16.42,15.83,15.95,15.95,82300.0,2018-09-26T00:00:00,AGYS
308,15.97,16.16,15.97,16.08,16.08,35400.0,2018-09-27T00:00:00,AGYS
309,16.040001,16.389999,16.040001,16.299999,16.299999,97000.0,2018-09-28T00:00:00,AGYS
310,16.34,16.530001,16.01,16.059999,16.059999,80100.0,2018-10-01T00:00:00,AGYS
311,16.02,16.219999,15.82,15.98,15.98,54800.0,2018-10-02T00:00:00,AGYS
312,15.99,16.299999,15.51,16.02,16.02,36300.0,2018-10-03T00:00:00,AGYS
313,16.0,16.17,15.69,15.71,15.71,32500.0,2018-10-04T00:00:00,AGYS
314,15.72,15.87,15.28,15.5,15.5,33500.0,2018-10-05T00:00:00,AGYS
315,15.5,15.73,15.06,15.43,15.43,50100.0,2018-10-08T00:00:00,AGYS
316,15.46,15.6,15.39,15.44,15.44,53200.0,2018-10-09T00:00:00,AGYS
317,15.45,15.61,15.09,15.48,15.48,103800.0,2018-10-10T00:00:00,AGYS
318,15.45,15.74,15.4,15.49,15.49,103200.0,2018-10-11T00:00:00,AGYS
319,15.68,15.93,15.47,15.58,15.58,73900.0,2018-10-12T00:00:00,AGYS
320,15.57,15.71,15.44,15.55,15.55,41300.0,2018-10-15T00:00:00,AGYS
321,15.62,16.0,15.54,15.65,15.65,83000.0,2018-10-16T00:00:00,AGYS
322,15.64,15.79,15.43,15.55,15.55,34300.0,2018-10-17T00:00:00,AGYS
323,15.51,15.7,15.37,15.52,15.52,48800.0,2018-10-18T00:00:00,AGYS
324,15.51,15.64,15.37,15.52,15.52,50400.0,2018-10-19T00:00:00,AGYS
325,15.62,15.91,15.4,15.91,15.91,54200.0,2018-10-22T00:00:00,AGYS
326,15.7,15.81,15.29,15.57,15.57,76200.0,2018-10-23T00:00:00,AGYS
327,15.45,15.79,15.02,15.02,15.02,108100.0,2018-10-24T00:00:00,AGYS
328,15.08,15.74,15.08,15.33,15.33,66300.0,2018-10-25T00:00:00,AGYS
329,15.52,16.200001,15.01,16.08,16.08,113000.0,2018-10-26T00:00:00,AGYS
330,16.27,16.530001,15.66,15.84,15.84,105200.0,2018-10-29T00:00:00,AGYS
331,15.91,16.370001,15.71,16.23,16.23,44500.0,2018-10-30T00:00:00,AGYS
332,16.379999,16.49,16.030001,16.27,16.27,66700.0,2018-10-31T00:00:00,AGYS
333,16.26,16.719999,16.190001,16.43,16.43,43000.0,2018-11-01T00:00:00,AGYS
334,16.48,16.48,16.129999,16.309999,16.309999,30900.0,2018-11-02T00:00:00,AGYS
335,16.280001,16.280001,15.95,16.0,16.0,55400.0,2018-11-05T00:00:00,AGYS
336,16.0,16.23,15.93,16.110001,16.110001,15300.0,2018-11-06T00:00:00,AGYS
337,16.18,16.540001,16.15,16.209999,16.209999,42700.0,2018-11-07T00:00:00,AGYS
338,16.379999,16.799999,16.23,16.379999,16.379999,24500.0,2018-11-08T00:00:00,AGYS
339,16.35,16.709999,16.209999,16.68,16.68,52800.0,2018-11-09T00:00:00,AGYS
340,16.690001,16.690001,16.280001,16.360001,16.360001,31000.0,2018-11-12T00:00:00,AGYS
341,16.41,16.549999,16.25,16.360001,16.360001,28800.0,2018-11-13T00:00:00,AGYS
342,16.440001,16.49,16.09,16.1,16.1,48500.0,2018-11-14T00:00:00,AGYS
343,16.08,16.35,16.0,16.25,16.25,35800.0,2018-11-15T00:00:00,AGYS
344,16.139999,16.540001,15.88,16.110001,16.110001,65200.0,2018-11-16T00:00:00,AGYS
345,16.059999,16.16,15.92,15.96,15.96,44200.0,2018-11-19T00:00:00,AGYS
346,15.84,16.16,15.7,16.08,16.08,49400.0,2018-11-20T00:00:00,AGYS
347,16.09,16.59,15.98,16.110001,16.110001,15300.0,2018-11-21T00:00:00,AGYS
348,16.049999,16.16,15.7,15.97,15.97,14300.0,2018-11-23T00:00:00,AGYS
349,16.059999,16.25,15.96,16.17,16.17,23400.0,2018-11-26T00:00:00,AGYS
350,16.09,16.709999,16.049999,16.57,16.57,80500.0,2018-11-27T00:00:00,AGYS
351,16.620001,17.52,16.620001,17.02,17.02,76900.0,2018-11-28T00:00:00,AGYS
352,17.07,17.49,16.67,16.700001,16.700001,32000.0,2018-11-29T00:00:00,AGYS
353,16.67,16.74,16.34,16.49,16.49,55500.0,2018-11-30T00:00:00,AGYS
354,16.51,16.73,16.280001,16.49,16.49,22500.0,2018-12-03T00:00:00,AGYS
355,16.48,16.610001,15.8,15.87,15.87,52000.0,2018-12-04T00:00:00,AGYS
356,15.82,15.93,15.36,15.75,15.75,57800.0,2018-12-06T00:00:00,AGYS
357,15.67,16.209999,15.54,15.59,15.59,46100.0,2018-12-07T00:00:00,AGYS
358,15.6,16.1,15.4,15.51,15.51,28300.0,2018-12-10T00:00:00,AGYS
359,15.67,15.79,15.15,15.47,15.47,16100.0,2018-12-11T00:00:00,AGYS
360,15.62,15.72,15.33,15.39,15.39,33800.0,2018-12-12T00:00:00,AGYS
361,15.19,15.53,15.01,15.37,15.37,41000.0,2018-12-13T00:00:00,AGYS
362,15.25,15.85,15.25,15.53,15.53,44300.0,2018-12-14T00:00:00,AGYS
363,15.48,15.73,14.96,15.02,15.02,58700.0,2018-12-17T00:00:00,AGYS
364,15.1,15.34,14.8,15.29,15.29,34900.0,2018-12-18T00:00:00,AGYS
365,15.28,15.44,15.05,15.13,15.13,67500.0,2018-12-19T00:00:00,AGYS
366,15.14,15.22,14.38,14.53,14.53,66200.0,2018-12-20T00:00:00,AGYS
367,14.41,14.52,13.68,13.88,13.88,389600.0,2018-12-21T00:00:00,AGYS
368,13.97,14.74,13.32,14.1,14.1,81800.0,2018-12-24T00:00:00,AGYS
369,14.28,14.58,14.03,14.58,14.58,36800.0,2018-12-26T00:00:00,AGYS
370,14.41,14.84,14.25,14.84,14.84,32100.0,2018-12-27T00:00:00,AGYS
371,15.37,15.44,14.49,14.59,14.59,31600.0,2018-12-28T00:00:00,AGYS
372,14.69,14.71,14.28,14.34,14.34,38300.0,2018-12-31T00:00:00,AGYS
373,14.3,15.04,14.21,14.5,14.5,123200.0,2019-01-02T00:00:00,AGYS
374,14.5,15.41,14.18,14.28,14.28,38500.0,2019-01-03T00:00:00,AGYS
375,14.3,15.06,14.3,14.55,14.55,46600.0,2019-01-04T00:00:00,AGYS
376,14.54,15.13,14.42,14.57,14.57,49400.0,2019-01-07T00:00:00,AGYS
377,14.69,15.12,14.63,14.86,14.86,33800.0,2019-01-08T00:00:00,AGYS
378,14.92,15.15,14.5,14.66,14.66,43300.0,2019-01-09T00:00:00,AGYS
379,14.55,14.77,14.43,14.48,14.48,29100.0,2019-01-10T00:00:00,AGYS
380,14.49,14.5,14.19,14.32,14.32,40500.0,2019-01-11T00:00:00,AGYS
381,14.23,14.25,13.87,13.92,13.92,34500.0,2019-01-14T00:00:00,AGYS
382,13.92,14.51,13.92,14.18,14.18,95300.0,2019-01-15T00:00:00,AGYS
383,14.1,14.35,14.03,14.12,14.12,53200.0,2019-01-16T00:00:00,AGYS
384,14.04,15.14,14.04,14.7,14.7,154100.0,2019-01-17T00:00:00,AGYS
385,14.74,15.16,14.5,14.75,14.75,85600.0,2019-01-18T00:00:00,AGYS
386,14.64,14.87,14.32,14.38,14.38,35200.0,2019-01-22T00:00:00,AGYS
387,14.37,14.65,14.22,14.27,14.27,29200.0,2019-01-23T00:00:00,AGYS
388,14.2,14.57,14.1,14.14,14.14,71600.0,2019-01-24T00:00:00,AGYS
389,15.0,16.700001,15.0,16.42,16.42,306800.0,2019-01-25T00:00:00,AGYS
390,16.43,18.66,16.07,17.879999,17.879999,297500.0,2019-01-28T00:00:00,AGYS
391,17.879999,18.35,17.4,17.629999,17.629999,150400.0,2019-01-29T00:00:00,AGYS
392,17.620001,18.01,17.25,17.870001,17.870001,81800.0,2019-01-30T00:00:00,AGYS
393,17.629999,17.85,17.610001,17.700001,17.700001,55000.0,2019-01-31T00:00:00,AGYS
394,17.76,17.99,17.559999,17.92,17.92,85400.0,2019-02-01T00:00:00,AGYS
395,17.809999,18.02,17.629999,17.889999,17.889999,134700.0,2019-02-04T00:00:00,AGYS
396,17.809999,18.59,17.809999,18.559999,18.559999,128400.0,2019-02-05T00:00:00,AGYS
397,18.59,18.9,18.59,18.780001,18.780001,111700.0,2019-02-06T00:00:00,AGYS
398,18.85,19.5,18.83,19.219999,19.219999,182800.0,2019-02-07T00:00:00,AGYS
399,19.23,19.5,19.09,19.200001,19.200001,124100.0,2019-02-08T00:00:00,AGYS
400,19.200001,19.57,19.09,19.17,19.17,80600.0,2019-02-11T00:00:00,AGYS
401,19.27,19.6,19.129999,19.34,19.34,136900.0,2019-02-12T00:00:00,AGYS
402,19.299999,19.68,19.200001,19.440001,19.440001,115700.0,2019-02-13T00:00:00,AGYS
403,19.41,20.0,19.360001,19.84,19.84,115800.0,2019-02-14T00:00:00,AGYS
404,19.959999,20.35,19.73,20.34,20.34,133400.0,2019-02-15T00:00:00,AGYS
405,20.0,20.450001,20.0,20.43,20.43,89700.0,2019-02-19T00:00:00,AGYS
406,20.48,20.75,20.4,20.440001,20.440001,129100.0,2019-02-20T00:00:00,AGYS
407,20.43,20.99,20.360001,20.879999,20.879999,201100.0,2019-02-21T00:00:00,AGYS
408,20.889999,21.15,20.799999,20.889999,20.889999,142400.0,2019-02-22T00:00:00,AGYS
409,20.9,21.379999,20.68,20.68,20.68,105200.0,2019-02-25T00:00:00,AGYS
410,20.690001,20.950001,20.51,20.709999,20.709999,98000.0,2019-02-26T00:00:00,AGYS
411,20.74,21.01,20.65,21.0,21.0,79000.0,2019-02-27T00:00:00,AGYS
412,20.940001,21.1,20.889999,20.9,20.9,36300.0,2019-02-28T00:00:00,AGYS
413,21.0,21.0,20.629999,20.690001,20.690001,55400.0,2019-03-01T00:00:00,AGYS
414,20.700001,20.889999,20.219999,20.389999,20.389999,129800.0,2019-03-04T00:00:00,AGYS
415,20.4,20.9,20.27,20.84,20.84,56100.0,2019-03-05T00:00:00,AGYS
416,20.82,21.1,20.709999,20.74,20.74,56200.0,2019-03-06T00:00:00,AGYS
417,20.610001,20.809999,20.110001,20.209999,20.209999,103000.0,2019-03-07T00:00:00,AGYS
418,20.1,20.459999,19.93,20.02,20.02,107400.0,2019-03-08T00:00:00,AGYS
419,20.030001,20.85,19.889999,20.700001,20.700001,142300.0,2019-03-11T00:00:00,AGYS
420,20.709999,20.709999,20.35,20.530001,20.530001,61200.0,2019-03-12T00:00:00,AGYS
421,21.059999,21.059999,20.42,20.42,20.42,39700.0,2019-03-13T00:00:00,AGYS
422,20.33,20.530001,20.25,20.42,20.42,46600.0,2019-03-14T00:00:00,AGYS
423,20.49,20.860001,20.469999,20.48,20.48,156400.0,2019-03-15T00:00:00,AGYS
424,20.42,20.65,20.290001,20.360001,20.360001,55300.0,2019-03-18T00:00:00,AGYS
425,20.5,20.73,20.290001,20.360001,20.360001,68300.0,2019-03-19T00:00:00,AGYS
426,20.33,20.889999,20.129999,20.6,20.6,67700.0,2019-03-20T00:00:00,AGYS
427,20.610001,21.34,20.610001,21.15,21.15,132900.0,2019-03-21T00:00:00,AGYS
428,21.110001,21.25,20.780001,20.889999,20.889999,105600.0,2019-03-22T00:00:00,AGYS
429,20.709999,21.07,20.709999,20.889999,20.889999,89400.0,2019-03-25T00:00:00,AGYS
430,21.049999,21.049999,20.690001,20.83,20.83,85200.0,2019-03-26T00:00:00,AGYS
431,20.799999,20.799999,20.200001,20.67,20.67,50000.0,2019-03-27T00:00:00,AGYS
432,20.709999,20.91,20.690001,20.75,20.75,98700.0,2019-03-28T00:00:00,AGYS
433,21.120001,21.27,20.82,21.17,21.17,167100.0,2019-03-29T00:00:00,AGYS
434,21.15,21.290001,20.68,20.9,20.9,112700.0,2019-04-01T00:00:00,AGYS
435,20.959999,20.959999,20.43,20.540001,20.540001,58400.0,2019-04-02T00:00:00,AGYS
436,20.639999,20.639999,20.02,20.190001,20.190001,66900.0,2019-04-03T00:00:00,AGYS
437,20.200001,20.23,19.549999,19.639999,19.639999,49100.0,2019-04-04T00:00:00,AGYS
438,19.639999,19.85,19.530001,19.77,19.77,46500.0,2019-04-05T00:00:00,AGYS
439,19.74,19.809999,19.23,19.77,19.77,58800.0,2019-04-08T00:00:00,AGYS
440,19.67,20.18,19.4,19.41,19.41,74700.0,2019-04-09T00:00:00,AGYS
441,19.42,19.83,19.42,19.83,19.83,63000.0,2019-04-10T00:00:00,AGYS
442,19.82,20.0,19.620001,19.98,19.98,42100.0,2019-04-11T00:00:00,AGYS
443,19.860001,20.25,19.780001,20.200001,20.200001,47100.0,2019-04-12T00:00:00,AGYS
444,20.190001,20.299999,19.85,19.959999,19.959999,46200.0,2019-04-15T00:00:00,AGYS
445,19.99,20.24,19.43,19.639999,19.639999,43300.0,2019-04-16T00:00:00,AGYS
446,19.66,19.85,19.299999,19.360001,19.360001,61000.0,2019-04-17T00:00:00,AGYS
447,19.309999,19.34,18.790001,18.950001,18.950001,96200.0,2019-04-18T00:00:00,AGYS
448,18.84,19.049999,18.49,18.76,18.76,79500.0,2019-04-22T00:00:00,AGYS
449,18.690001,19.26,18.690001,19.1,19.1,72600.0,2019-04-23T00:00:00,AGYS
450,19.09,19.4,19.0,19.030001,19.030001,50200.0,2019-04-24T00:00:00,AGYS
451,19.040001,19.059999,18.690001,18.879999,18.879999,33200.0,2019-04-25T00:00:00,AGYS
452,18.83,19.059999,18.76,18.92,18.92,34200.0,2019-04-26T00:00:00,AGYS
453,18.99,19.18,18.85,19.030001,19.030001,54000.0,2019-04-29T00:00:00,AGYS
454,19.01,19.34,18.98,19.129999,19.129999,81600.0,2019-04-30T00:00:00,AGYS
455,19.139999,19.139999,18.690001,18.889999,18.889999,149800.0,2019-05-01T00:00:00,AGYS
456,18.85,19.18,18.709999,18.93,18.93,86500.0,2019-05-02T00:00:00,AGYS
457,18.99,19.4,18.92,19.35,19.35,85800.0,2019-05-03T00:00:00,AGYS
458,19.15,19.74,19.15,19.66,19.66,43900.0,2019-05-06T00:00:00,AGYS
459,19.559999,19.67,19.33,19.459999,19.459999,42700.0,2019-05-07T00:00:00,AGYS
460,19.43,19.49,19.07,19.09,19.09,67400.0,2019-05-08T00:00:00,AGYS
461,18.99,19.370001,18.870001,19.26,19.26,60000.0,2019-05-09T00:00:00,AGYS
462,19.15,19.82,19.0,19.77,19.77,80200.0,2019-05-10T00:00:00,AGYS
463,19.48,20.17,19.48,19.68,19.68,135400.0,2019-05-13T00:00:00,AGYS
464,19.719999,20.049999,19.719999,19.940001,19.940001,62300.0,2019-05-14T00:00:00,AGYS
465,19.84,20.33,19.84,20.08,20.08,78000.0,2019-05-15T00:00:00,AGYS
466,20.110001,20.57,19.950001,20.41,20.41,67300.0,2019-05-16T00:00:00,AGYS
467,20.219999,21.43,20.209999,21.32,21.32,188800.0,2019-05-17T00:00:00,AGYS
468,21.110001,21.9,21.1,21.9,21.9,113500.0,2019-05-20T00:00:00,AGYS
469,21.959999,22.75,21.959999,22.51,22.51,168500.0,2019-05-21T00:00:00,AGYS
470,22.549999,22.75,22.440001,22.59,22.59,79100.0,2019-05-22T00:00:00,AGYS
471,22.48,22.540001,22.01,22.33,22.33,133900.0,2019-05-23T00:00:00,AGYS
472,22.49,22.59,22.27,22.370001,22.370001,69200.0,2019-05-24T00:00:00,AGYS
473,22.440001,22.940001,22.280001,22.67,22.67,235700.0,2019-05-28T00:00:00,AGYS
474,22.65,22.65,22.059999,22.18,22.18,73800.0,2019-05-29T00:00:00,AGYS
475,22.18,22.389999,21.870001,22.129999,22.129999,73000.0,2019-05-30T00:00:00,AGYS
476,21.85,21.959999,21.49,21.799999,21.799999,78400.0,2019-05-31T00:00:00,AGYS
477,21.690001,21.73,20.870001,21.049999,21.049999,103000.0,2019-06-03T00:00:00,AGYS
478,21.17,21.709999,20.9,21.639999,21.639999,135000.0,2019-06-04T00:00:00,AGYS
479,21.790001,22.0,21.5,21.99,21.99,112700.0,2019-06-05T00:00:00,AGYS
480,22.030001,22.25,21.879999,22.23,22.23,46200.0,2019-06-06T00:00:00,AGYS
481,22.34,22.51,22.190001,22.43,22.43,45400.0,2019-06-07T00:00:00,AGYS
482,22.51,22.879999,22.51,22.65,22.65,52000.0,2019-06-10T00:00:00,AGYS
483,22.780001,22.82,21.82,21.99,21.99,101800.0,2019-06-11T00:00:00,AGYS
484,22.120001,22.370001,22.049999,22.27,22.27,42100.0,2019-06-12T00:00:00,AGYS
485,22.34,22.549999,22.23,22.389999,22.389999,51700.0,2019-06-13T00:00:00,AGYS
486,22.389999,22.780001,22.389999,22.68,22.68,102500.0,2019-06-14T00:00:00,AGYS
487,22.74,22.98,22.48,22.690001,22.690001,112900.0,2019-06-17T00:00:00,AGYS
488,22.700001,22.809999,22.059999,22.18,22.18,102600.0,2019-06-18T00:00:00,AGYS
489,22.18,22.41,21.889999,22.25,22.25,117200.0,2019-06-19T00:00:00,AGYS
490,22.469999,22.85,22.4,22.41,22.41,67700.0,2019-06-20T00:00:00,AGYS
491,22.27,22.440001,21.98,22.219999,22.219999,161600.0,2019-06-21T00:00:00,AGYS
492,22.17,22.17,21.379999,21.49,21.49,64200.0,2019-06-24T00:00:00,AGYS
493,21.57,21.57,20.950001,21.09,21.09,73800.0,2019-06-25T00:00:00,AGYS
494,21.07,21.469999,21.059999,21.200001,21.200001,132900.0,2019-06-26T00:00:00,AGYS
495,21.280001,21.68,21.18,21.4,21.4,93200.0,2019-06-27T00:00:00,AGYS
496,21.4,21.719999,21.290001,21.469999,21.469999,749200.0,2019-06-28T00:00:00,AGYS
497,21.629999,22.34,21.629999,22.24,22.24,157600.0,2019-07-01T00:00:00,AGYS
498,22.110001,22.5,22.040001,22.209999,22.209999,62900.0,2019-07-02T00:00:00,AGYS
499,22.18,22.559999,22.17,22.49,22.49,30900.0,2019-07-03T00:00:00,AGYS
500,22.360001,22.65,22.200001,22.6,22.6,53800.0,2019-07-05T00:00:00,AGYS
501,22.52,22.610001,22.440001,22.459999,22.459999,54800.0,2019-07-08T00:00:00,AGYS
502,22.379999,22.700001,22.379999,22.549999,22.549999,58900.0,2019-07-09T00:00:00,AGYS
503,22.67,23.059999,22.6,22.9,22.9,134300.0,2019-07-10T00:00:00,AGYS
504,22.629999,22.700001,22.24,22.66,22.66,92600.0,2019-07-11T00:00:00,AGYS
505,22.65,23.25,22.58,23.23,23.23,89800.0,2019-07-12T00:00:00,AGYS
506,23.25,23.26,22.959999,23.0,23.0,77300.0,2019-07-15T00:00:00,AGYS
507,22.9,23.440001,22.9,23.34,23.34,89700.0,2019-07-16T00:00:00,AGYS
508,23.49,23.629999,23.34,23.49,23.49,89200.0,2019-07-17T00:00:00,AGYS
509,23.5,23.57,23.16,23.41,23.41,52100.0,2019-07-18T00:00:00,AGYS
510,23.360001,23.639999,22.91,22.959999,22.959999,62300.0,2019-07-19T00:00:00,AGYS
511,22.940001,23.389999,22.940001,23.290001,23.290001,92900.0,2019-07-22T00:00:00,AGYS
512,23.370001,23.370001,22.75,23.16,23.16,69700.0,2019-07-23T00:00:00,AGYS
513,23.040001,23.459999,22.700001,23.450001,23.450001,90400.0,2019-07-24T00:00:00,AGYS
514,23.5,23.75,23.379999,23.530001,23.530001,105600.0,2019-07-25T00:00:00,AGYS
515,23.15,24.18,23.15,24.1,24.1,132800.0,2019-07-26T00:00:00,AGYS
516,24.16,24.16,23.379999,23.549999,23.549999,114600.0,2019-07-29T00:00:00,AGYS
517,23.540001,24.24,23.389999,24.15,24.15,90500.0,2019-07-30T00:00:00,AGYS
518,24.200001,24.74,24.17,24.530001,24.530001,177000.0,2019-07-31T00:00:00,AGYS
519,24.530001,24.82,24.290001,24.370001,24.370001,145300.0,2019-08-01T00:00:00,AGYS
520,24.309999,24.58,23.75,24.48,24.48,97300.0,2019-08-02T00:00:00,AGYS
521,24.25,24.85,24.09,24.77,24.77,157400.0,2019-08-05T00:00:00,AGYS
522,24.82,25.75,24.82,25.27,25.27,150400.0,2019-08-06T00:00:00,AGYS
523,25.27,26.360001,25.27,26.26,26.26,288200.0,2019-08-07T00:00:00,AGYS
524,26.27,27.549999,26.27,27.42,27.42,307100.0,2019-08-08T00:00:00,AGYS
525,27.49,27.799999,27.299999,27.639999,27.639999,221400.0,2019-08-09T00:00:00,AGYS
526,27.6,27.75,26.959999,27.43,27.43,119400.0,2019-08-12T00:00:00,AGYS
527,27.459999,27.799999,27.200001,27.68,27.68,96600.0,2019-08-13T00:00:00,AGYS
528,27.469999,27.83,26.700001,26.959999,26.959999,115900.0,2019-08-14T00:00:00,AGYS
529,27.139999,27.370001,26.940001,27.299999,27.299999,109800.0,2019-08-15T00:00:00,AGYS
530,27.530001,27.98,27.48,27.780001,27.780001,83600.0,2019-08-16T00:00:00,AGYS
531,27.969999,28.0,27.27,27.41,27.41,99900.0,2019-08-19T00:00:00,AGYS
532,27.370001,27.41,27.15,27.219999,27.219999,64600.0,2019-08-20T00:00:00,AGYS
533,27.49,27.91,27.139999,27.690001,27.690001,87500.0,2019-08-21T00:00:00,AGYS
534,27.780001,27.799999,27.34,27.48,27.48,104700.0,2019-08-22T00:00:00,AGYS
535,27.450001,27.66,27.040001,27.190001,27.190001,110600.0,2019-08-23T00:00:00,AGYS
536,27.43,27.43,26.91,27.120001,27.120001,79000.0,2019-08-26T00:00:00,AGYS
537,27.15,27.190001,26.68,26.99,26.99,95300.0,2019-08-27T00:00:00,AGYS
538,26.959999,27.030001,26.51,26.809999,26.809999,53300.0,2019-08-28T00:00:00,AGYS
539,27.120001,27.59,26.75,27.549999,27.549999,97500.0,2019-08-29T00:00:00,AGYS
540,27.639999,27.639999,27.040001,27.25,27.25,61300.0,2019-08-30T00:00:00,AGYS
541,27.07,28.17,25.51,25.610001,25.610001,380500.0,2019-09-03T00:00:00,AGYS
542,25.700001,25.870001,24.67,25.059999,25.059999,327900.0,2019-09-04T00:00:00,AGYS
543,25.58,26.200001,25.34,26.08,26.08,350600.0,2019-09-05T00:00:00,AGYS
544,26.24,26.389999,25.450001,25.5,25.5,83600.0,2019-09-06T00:00:00,AGYS
545,25.57,26.129999,24.940001,25.75,25.75,189300.0,2019-09-09T00:00:00,AGYS
546,25.559999,25.85,24.51,25.24,25.24,151700.0,2019-09-10T00:00:00,AGYS
547,25.379999,26.59,25.23,26.309999,26.309999,183600.0,2019-09-11T00:00:00,AGYS
548,26.42,26.58,26.0,26.41,26.41,219100.0,2019-09-12T00:00:00,AGYS
549,26.540001,27.43,26.309999,27.110001,27.110001,160800.0,2019-09-13T00:00:00,AGYS
550,26.92,27.620001,26.76,27.440001,27.440001,153200.0,2019-09-16T00:00:00,AGYS
551,27.360001,27.85,27.24,27.690001,27.690001,127900.0,2019-09-17T00:00:00,AGYS
552,27.790001,28.190001,27.389999,28.1,28.1,155100.0,2019-09-18T00:00:00,AGYS
553,28.219999,28.5,27.67,27.85,27.85,180700.0,2019-09-19T00:00:00,AGYS
554,27.870001,28.23,27.57,28.02,28.02,879700.0,2019-09-20T00:00:00,AGYS
555,28.08,28.08,27.120001,27.290001,27.290001,163100.0,2019-09-23T00:00:00,AGYS
556,27.41,27.41,25.940001,26.25,26.25,200400.0,2019-09-24T00:00:00,AGYS
557,26.219999,26.690001,25.75,26.58,26.58,146300.0,2019-09-25T00:00:00,AGYS
558,26.530001,26.76,25.639999,25.73,25.73,120200.0,2019-09-26T00:00:00,AGYS
559,25.73,25.98,25.1,25.469999,25.469999,129800.0,2019-09-27T00:00:00,AGYS
560,25.42,25.75,25.299999,25.610001,25.610001,164700.0,2019-09-30T00:00:00,AGYS
561,25.780001,25.85,25.129999,25.209999,25.209999,168300.0,2019-10-01T00:00:00,AGYS
562,25.049999,25.809999,24.84,25.780001,25.780001,129900.0,2019-10-02T00:00:00,AGYS
563,25.65,26.15,25.51,26.129999,26.129999,78900.0,2019-10-03T00:00:00,AGYS
564,26.07,26.42,25.799999,26.23,26.23,110900.0,2019-10-04T00:00:00,AGYS
565,26.15,26.98,25.969999,26.91,26.91,169600.0,2019-10-07T00:00:00,AGYS
566,26.66,26.809999,26.200001,26.450001,26.450001,158700.0,2019-10-08T00:00:00,AGYS
567,26.65,26.690001,26.34,26.58,26.58,77000.0,2019-10-09T00:00:00,AGYS
568,26.559999,26.790001,26.34,26.42,26.42,111600.0,2019-10-10T00:00:00,AGYS
569,26.67,27.08,26.440001,26.610001,26.610001,163900.0,2019-10-11T00:00:00,AGYS
570,26.559999,26.91,26.41,26.610001,26.610001,81000.0,2019-10-14T00:00:00,AGYS
571,26.66,26.799999,26.139999,26.299999,26.299999,101500.0,2019-10-15T00:00:00,AGYS
572,26.25,26.25,25.530001,25.969999,25.969999,122100.0,2019-10-16T00:00:00,AGYS
573,26.25,26.549999,26.040001,26.389999,26.389999,137800.0,2019-10-17T00:00:00,AGYS
574,26.27,26.33,25.799999,26.129999,26.129999,100600.0,2019-10-18T00:00:00,AGYS
575,26.4,26.85,26.16,26.450001,26.450001,108600.0,2019-10-21T00:00:00,AGYS
576,26.42,26.790001,25.9,25.92,25.92,90800.0,2019-10-22T00:00:00,AGYS
577,25.91,26.209999,24.57,24.68,24.68,254300.0,2019-10-23T00:00:00,AGYS
578,24.940001,25.959999,24.84,25.549999,25.549999,245000.0,2019-10-24T00:00:00,AGYS
579,24.52,29.290001,24.52,25.6,25.6,651600.0,2019-10-25T00:00:00,AGYS
580,25.610001,25.75,23.24,24.09,24.09,321100.0,2019-10-28T00:00:00,AGYS
581,23.98,24.73,23.98,24.469999,24.469999,135200.0,2019-10-29T00:00:00,AGYS
582,24.5,24.82,24.26,24.799999,24.799999,141900.0,2019-10-30T00:00:00,AGYS
583,24.780001,25.23,24.450001,25.190001,25.190001,120500.0,2019-10-31T00:00:00,AGYS
584,25.219999,25.299999,24.549999,24.67,24.67,100500.0,2019-11-01T00:00:00,AGYS
585,24.780001,24.879999,24.33,24.57,24.57,74300.0,2019-11-04T00:00:00,AGYS
586,24.51,24.65,24.18,24.35,24.35,117600.0,2019-11-05T00:00:00,AGYS
587,24.219999,24.459999,23.65,23.780001,23.780001,110700.0,2019-11-06T00:00:00,AGYS
588,23.799999,23.99,23.379999,23.48,23.48,93900.0,2019-11-07T00:00:00,AGYS
589,23.450001,24.07,23.4,23.93,23.93,121400.0,2019-11-08T00:00:00,AGYS
590,23.860001,24.25,23.469999,24.16,24.16,125200.0,2019-11-11T00:00:00,AGYS
591,24.209999,24.67,24.18,24.360001,24.360001,81000.0,2019-11-12T00:00:00,AGYS
592,24.08,24.690001,23.98,24.58,24.58,151300.0,2019-11-13T00:00:00,AGYS
593,24.6,24.969999,24.530001,24.549999,24.549999,76600.0,2019-11-14T00:00:00,AGYS
594,24.73,24.969999,24.450001,24.879999,24.879999,97300.0,2019-11-15T00:00:00,AGYS
595,24.700001,24.98,24.440001,24.469999,24.469999,67200.0,2019-11-18T00:00:00,AGYS
596,24.540001,24.780001,24.42,24.66,24.66,61700.0,2019-11-19T00:00:00,AGYS
597,24.639999,25.139999,24.57,24.85,24.85,151900.0,2019-11-20T00:00:00,AGYS
598,24.940001,25.34,24.59,25.27,25.27,158100.0,2019-11-21T00:00:00,AGYS
599,25.190001,25.290001,24.65,25.139999,25.139999,83200.0,2019-11-22T00:00:00,AGYS
600,25.17,25.84,24.889999,25.17,25.17,134200.0,2019-11-25T00:00:00,AGYS
601,25.27,25.450001,25.18,25.360001,25.360001,111900.0,2019-11-26T00:00:00,AGYS
602,25.48,25.620001,25.219999,25.6,25.6,66500.0,2019-11-27T00:00:00,AGYS
603,25.51,25.559999,25.280001,25.33,25.33,37200.0,2019-11-29T00:00:00,AGYS
604,25.280001,25.280001,24.49,24.73,24.73,254500.0,2019-12-02T00:00:00,AGYS
605,24.48,26.309999,24.48,26.23,26.23,255100.0,2019-12-03T00:00:00,AGYS
606,26.26,26.26,25.51,26.08,26.08,125500.0,2019-12-04T00:00:00,AGYS
607,26.200001,26.25,25.809999,26.1,26.1,153200.0,2019-12-05T00:00:00,AGYS
608,26.32,26.42,25.780001,25.92,25.92,175900.0,2019-12-06T00:00:00,AGYS
609,25.809999,25.809999,25.120001,25.27,25.27,167900.0,2019-12-09T00:00:00,AGYS
610,25.280001,25.440001,24.57,24.75,24.75,133600.0,2019-12-10T00:00:00,AGYS
611,24.67,24.74,24.219999,24.6,24.6,113200.0,2019-12-11T00:00:00,AGYS
612,24.58,24.98,24.5,24.719999,24.719999,92800.0,2019-12-12T00:00:00,AGYS
613,24.74,24.860001,24.15,24.33,24.33,301200.0,2019-12-13T00:00:00,AGYS
614,24.4,24.879999,24.35,24.549999,24.549999,246700.0,2019-12-16T00:00:00,AGYS
615,24.52,24.74,24.450001,24.709999,24.709999,148200.0,2019-12-17T00:00:00,AGYS
616,24.92,25.389999,24.799999,25.17,25.17,192600.0,2019-12-18T00:00:00,AGYS
617,25.17,25.559999,25.040001,25.52,25.52,84900.0,2019-12-19T00:00:00,AGYS
618,25.469999,26.15,25.450001,26.139999,26.139999,345300.0,2019-12-20T00:00:00,AGYS
619,26.120001,26.129999,25.41,25.58,25.58,94400.0,2019-12-23T00:00:00,AGYS
620,25.530001,25.66,25.35,25.58,25.58,37300.0,2019-12-24T00:00:00,AGYS
621,25.610001,25.629999,25.26,25.35,25.35,58800.0,2019-12-26T00:00:00,AGYS
622,25.290001,25.549999,25.049999,25.5,25.5,81100.0,2019-12-27T00:00:00,AGYS
623,25.42,25.530001,24.99,25.41,25.41,82100.0,2019-12-30T00:00:00,AGYS
624,25.4,25.83,25.27,25.41,25.41,122900.0,2019-12-31T00:00:00,AGYS
625,25.540001,25.84,25.43,25.809999,25.809999,82400.0,2020-01-02T00:00:00,AGYS
626,25.559999,26.01,25.5,25.790001,25.790001,124700.0,2020-01-03T00:00:00,AGYS
627,25.67,25.950001,25.5,25.709999,25.709999,109800.0,2020-01-06T00:00:00,AGYS
628,25.6,25.76,25.459999,25.709999,25.709999,71200.0,2020-01-07T00:00:00,AGYS
629,25.700001,25.950001,25.629999,25.77,25.77,83800.0,2020-01-08T00:00:00,AGYS
630,25.950001,26.0,25.700001,25.77,25.77,109000.0,2020-01-09T00:00:00,AGYS
631,25.790001,26.01,25.68,25.92,25.92,71800.0,2020-01-10T00:00:00,AGYS
632,25.969999,26.25,25.85,26.110001,26.110001,62100.0,2020-01-13T00:00:00,AGYS
633,26.08,26.129999,25.780001,25.85,25.85,92800.0,2020-01-14T00:00:00,AGYS
634,26.0,26.450001,25.950001,26.290001,26.290001,155700.0,2020-01-15T00:00:00,AGYS
635,26.5,27.690001,26.5,27.67,27.67,173100.0,2020-01-16T00:00:00,AGYS
636,27.790001,28.379999,27.459999,28.18,28.18,151500.0,2020-01-17T00:00:00,AGYS
637,28.24,28.75,28.24,28.639999,28.639999,168900.0,2020-01-21T00:00:00,AGYS
638,28.68,29.620001,28.52,28.610001,28.610001,365700.0,2020-01-22T00:00:00,AGYS
639,28.57,29.219999,28.27,29.16,29.16,161200.0,2020-01-23T00:00:00,AGYS
640,29.360001,30.18,29.360001,30.08,30.08,195300.0,2020-01-24T00:00:00,AGYS
641,29.66,30.32,29.26,30.209999,30.209999,227700.0,2020-01-27T00:00:00,AGYS
642,30.219999,31.1,30.059999,31.09,31.09,333700.0,2020-01-28T00:00:00,AGYS
643,34.490002,36.25,33.299999,33.459999,33.459999,1052500.0,2020-01-29T00:00:00,AGYS
644,33.029999,33.490002,32.439999,33.0,33.0,434100.0,2020-01-30T00:00:00,AGYS
645,33.200001,34.0,32.360001,32.5,32.5,371100.0,2020-01-31T00:00:00,AGYS
646,32.720001,33.549999,32.439999,32.5,32.5,490400.0,2020-02-03T00:00:00,AGYS
647,32.77,34.169998,32.59,34.16,34.16,371100.0,2020-02-04T00:00:00,AGYS
648,34.650002,35.529999,34.349998,35.450001,35.450001,279100.0,2020-02-05T00:00:00,AGYS
649,35.66,36.349998,35.34,36.200001,36.200001,157600.0,2020-02-06T00:00:00,AGYS
650,36.16,36.189999,35.580002,35.970001,35.970001,232200.0,2020-02-07T00:00:00,AGYS
651,35.970001,36.68,35.82,36.599998,36.599998,132000.0,2020-02-10T00:00:00,AGYS
652,36.810001,37.049999,36.18,36.509998,36.509998,221100.0,2020-02-11T00:00:00,AGYS
653,36.77,36.810001,35.84,36.200001,36.200001,195700.0,2020-02-12T00:00:00,AGYS
654,36.130001,37.169998,36.130001,36.849998,36.849998,95400.0,2020-02-13T00:00:00,AGYS
655,36.68,36.889999,36.259998,36.400002,36.400002,101100.0,2020-02-14T00:00:00,AGYS
656,36.299999,36.66,35.599998,35.619999,35.619999,112300.0,2020-02-18T00:00:00,AGYS
657,35.68,35.959999,35.48,35.68,35.68,180800.0,2020-02-19T00:00:00,AGYS
658,35.470001,35.509998,34.150002,35.0,35.0,253200.0,2020-02-20T00:00:00,AGYS
659,34.73,34.73,34.040001,34.48,34.48,138700.0,2020-02-21T00:00:00,AGYS
660,33.700001,34.240002,33.119999,33.5,33.5,98100.0,2020-02-24T00:00:00,AGYS
661,33.549999,33.790001,32.540001,32.580002,32.580002,98000.0,2020-02-25T00:00:00,AGYS
662,32.799999,33.049999,31.4,31.59,31.59,238000.0,2020-02-26T00:00:00,AGYS
663,30.99,31.98,30.549999,30.879999,30.879999,213100.0,2020-02-27T00:00:00,AGYS
664,30.559999,32.419998,30.27,32.130001,32.130001,365300.0,2020-02-28T00:00:00,AGYS
665,32.52,32.959999,31.950001,32.400002,32.400002,274100.0,2020-03-02T00:00:00,AGYS
666,32.790001,32.98,30.030001,30.23,30.23,754200.0,2020-03-03T00:00:00,AGYS
667,30.74,30.82,28.73,28.9,28.9,384700.0,2020-03-04T00:00:00,AGYS
668,28.299999,29.1,27.790001,28.1,28.1,273400.0,2020-03-05T00:00:00,AGYS
669,27.32,27.700001,25.98,26.370001,26.370001,276700.0,2020-03-06T00:00:00,AGYS
670,24.889999,25.98,24.139999,24.25,24.25,236500.0,2020-03-09T00:00:00,AGYS
671,24.82,25.610001,23.790001,24.4,24.4,310200.0,2020-03-10T00:00:00,AGYS
672,23.799999,24.969999,23.799999,24.450001,24.450001,356500.0,2020-03-11T00:00:00,AGYS
673,22.809999,22.809999,19.639999,20.84,20.84,420300.0,2020-03-12T00:00:00,AGYS
674,22.0,22.049999,18.9,20.459999,20.459999,537300.0,2020-03-13T00:00:00,AGYS
675,17.549999,18.450001,16.4,17.360001,17.360001,496100.0,2020-03-16T00:00:00,AGYS
676,17.84,18.620001,16.16,17.09,17.09,382100.0,2020-03-17T00:00:00,AGYS
677,16.209999,16.969999,12.61,13.0,13.0,289300.0,2020-03-18T00:00:00,AGYS
678,13.0,15.12,12.67,14.85,14.85,333000.0,2020-03-19T00:00:00,AGYS
679,15.14,15.65,13.63,14.12,14.12,415200.0,2020-03-20T00:00:00,AGYS
680,14.5,14.88,13.35,14.63,14.63,550100.0,2020-03-23T00:00:00,AGYS
681,15.1,16.209999,14.56,15.3,15.3,360800.0,2020-03-24T00:00:00,AGYS
682,15.15,17.08,14.61,16.700001,16.700001,409200.0,2020-03-25T00:00:00,AGYS
683,16.74,18.540001,16.549999,17.02,17.02,333000.0,2020-03-26T00:00:00,AGYS
684,16.5,17.08,15.58,15.87,15.87,277200.0,2020-03-27T00:00:00,AGYS
685,15.84,16.040001,15.34,15.75,15.75,318600.0,2020-03-30T00:00:00,AGYS
686,15.75,17.190001,15.5,16.700001,16.700001,275000.0,2020-03-31T00:00:00,AGYS
687,16.280001,16.559999,15.29,15.55,15.55,237300.0,2020-04-01T00:00:00,AGYS
688,15.41,16.91,15.29,15.81,15.81,241800.0,2020-04-02T00:00:00,AGYS
689,15.76,15.81,13.88,14.13,14.13,250900.0,2020-04-03T00:00:00,AGYS
690,14.71,16.84,14.5,16.35,16.35,502700.0,2020-04-06T00:00:00,AGYS
691,17.34,18.0,16.84,16.84,16.84,312900.0,2020-04-07T00:00:00,AGYS
692,17.34,19.23,17.25,18.83,18.83,439200.0,2020-04-08T00:00:00,AGYS
693,19.5,20.370001,18.639999,18.92,18.92,398600.0,2020-04-09T00:00:00,AGYS
694,18.9,19.209999,17.85,18.24,18.24,267900.0,2020-04-13T00:00:00,AGYS
695,18.59,19.07,17.799999,18.059999,18.059999,258400.0,2020-04-14T00:00:00,AGYS
696,17.49,18.200001,16.719999,17.129999,17.129999,231300.0,2020-04-15T00:00:00,AGYS
697,16.82,17.41,15.69,15.96,15.96,189800.0,2020-04-16T00:00:00,AGYS
698,16.51,17.35,16.49,17.25,17.25,194100.0,2020-04-17T00:00:00,AGYS
699,17.07,17.98,17.049999,17.440001,17.440001,119900.0,2020-04-20T00:00:00,AGYS
700,16.84,16.84,15.51,16.26,16.26,210300.0,2020-04-21T00:00:00,AGYS
701,16.639999,17.92,16.43,17.389999,17.389999,188700.0,2020-04-22T00:00:00,AGYS
702,17.35,17.77,17.120001,17.43,17.43,218200.0,2020-04-23T00:00:00,AGYS
703,17.719999,17.860001,17.110001,17.450001,17.450001,133300.0,2020-04-24T00:00:00,AGYS
704,17.75,18.49,17.51,18.43,18.43,134300.0,2020-04-27T00:00:00,AGYS
705,18.98,19.0,18.209999,18.82,18.82,164300.0,2020-04-28T00:00:00,AGYS
706,19.530001,21.059999,18.93,20.120001,20.120001,474200.0,2020-04-29T00:00:00,AGYS
707,19.959999,20.18,19.4,19.59,19.59,181300.0,2020-04-30T00:00:00,AGYS
708,19.219999,19.73,17.610001,18.059999,18.059999,217900.0,2020-05-01T00:00:00,AGYS
709,18.0,18.620001,17.74,18.290001,18.290001,185800.0,2020-05-04T00:00:00,AGYS
710,18.74,19.09,18.09,18.23,18.23,252500.0,2020-05-05T00:00:00,AGYS
711,18.43,18.540001,16.91,16.940001,16.940001,177900.0,2020-05-06T00:00:00,AGYS
712,17.17,18.41,17.139999,18.26,18.26,255100.0,2020-05-07T00:00:00,AGYS
713,18.5,18.85,17.98,18.719999,18.719999,169400.0,2020-05-08T00:00:00,AGYS
714,18.35,18.52,17.83,18.120001,18.120001,212900.0,2020-05-11T00:00:00,AGYS
715,18.24,18.57,17.6,17.6,17.6,233600.0,2020-05-12T00:00:00,AGYS
716,17.549999,17.91,16.620001,16.73,16.73,166000.0,2020-05-13T00:00:00,AGYS
717,16.389999,17.08,15.98,17.049999,17.049999,155800.0,2020-05-14T00:00:00,AGYS
718,16.98,17.67,16.790001,17.57,17.57,103400.0,2020-05-15T00:00:00,AGYS
719,18.27,18.98,18.200001,18.9,18.9,154600.0,2020-05-18T00:00:00,AGYS
720,18.93,18.99,18.360001,18.4,18.4,129200.0,2020-05-19T00:00:00,AGYS
721,18.719999,19.68,18.719999,19.309999,19.309999,136700.0,2020-05-20T00:00:00,AGYS
722,19.4,20.32,19.33,20.09,20.09,220600.0,2020-05-21T00:00:00,AGYS
723,20.73,20.809999,18.08,19.59,19.59,411100.0,2020-05-22T00:00:00,AGYS
724,19.940001,21.0,19.9,20.07,20.07,251700.0,2020-05-26T00:00:00,AGYS
725,20.33,20.360001,19.309999,20.1,20.1,239200.0,2020-05-27T00:00:00,AGYS
726,20.4,20.559999,19.34,19.43,19.43,207500.0,2020-05-28T00:00:00,AGYS
727,18.969999,19.280001,18.379999,19.23,19.23,392800.0,2020-05-29T00:00:00,AGYS
728,19.280001,20.629999,19.280001,20.129999,20.129999,312200.0,2020-06-01T00:00:00,AGYS
729,20.209999,20.389999,19.469999,20.02,20.02,714400.0,2020-06-02T00:00:00,AGYS
730,20.440001,21.540001,20.26,21.41,21.41,224500.0,2020-06-03T00:00:00,AGYS
731,21.15,22.389999,21.15,22.01,22.01,319300.0,2020-06-04T00:00:00,AGYS
732,22.58,23.870001,22.450001,23.68,23.68,344000.0,2020-06-05T00:00:00,AGYS
733,24.200001,24.34,23.360001,23.889999,23.889999,242000.0,2020-06-08T00:00:00,AGYS
734,23.34,23.790001,23.049999,23.5,23.5,246700.0,2020-06-09T00:00:00,AGYS
735,23.379999,23.73,21.27,21.52,21.52,357900.0,2020-06-10T00:00:00,AGYS
736,21.049999,21.049999,19.889999,20.16,20.16,377200.0,2020-06-11T00:00:00,AGYS
737,20.959999,21.280001,19.83,20.280001,20.280001,146000.0,2020-06-12T00:00:00,AGYS
738,19.51,20.870001,19.51,20.77,20.77,184600.0,2020-06-15T00:00:00,AGYS
739,21.49,21.700001,20.969999,21.620001,21.620001,143100.0,2020-06-16T00:00:00,AGYS
740,21.549999,21.77,20.52,20.6,20.6,186500.0,2020-06-17T00:00:00,AGYS
741,20.459999,20.66,19.77,19.92,19.92,173800.0,2020-06-18T00:00:00,AGYS
742,20.0,20.08,19.0,19.139999,19.139999,344000.0,2020-06-19T00:00:00,AGYS
743,19.200001,19.200001,18.35,18.43,18.43,271700.0,2020-06-22T00:00:00,AGYS
744,18.76,18.76,18.23,18.32,18.32,183000.0,2020-06-23T00:00:00,AGYS
745,18.1,18.18,17.190001,17.719999,17.719999,268800.0,2020-06-24T00:00:00,AGYS
746,17.65,17.719999,17.0,17.360001,17.360001,333800.0,2020-06-25T00:00:00,AGYS
747,17.290001,17.68,16.860001,17.49,17.49,442100.0,2020-06-26T00:00:00,AGYS
748,17.700001,18.15,17.299999,18.09,18.09,174800.0,2020-06-29T00:00:00,AGYS
749,18.059999,18.16,17.540001,17.940001,17.940001,170100.0,2020-06-30T00:00:00,AGYS
750,17.959999,18.5,17.26,17.5,17.5,123700.0,2020-07-01T00:00:00,AGYS
751,17.85,18.15,17.610001,17.93,17.93,222300.0,2020-07-02T00:00:00,AGYS
752,18.389999,18.389999,17.950001,17.99,17.99,122500.0,2020-07-06T00:00:00,AGYS
753,17.709999,18.17,17.34,17.360001,17.360001,279900.0,2020-07-07T00:00:00,AGYS
754,17.34,17.540001,16.65,16.92,16.92,185000.0,2020-07-08T00:00:00,AGYS
755,16.889999,16.92,16.18,16.76,16.76,186200.0,2020-07-09T00:00:00,AGYS
756,16.75,17.4,16.620001,17.27,17.27,169000.0,2020-07-10T00:00:00,AGYS
757,17.450001,17.959999,17.040001,17.290001,17.290001,188900.0,2020-07-13T00:00:00,AGYS
758,17.200001,17.440001,16.700001,16.9,16.9,401600.0,2020-07-14T00:00:00,AGYS
759,17.309999,18.24,17.120001,17.74,17.74,609300.0,2020-07-15T00:00:00,AGYS
760,17.549999,17.549999,16.969999,17.09,17.09,180300.0,2020-07-16T00:00:00,AGYS
761,17.01,17.58,17.01,17.5,17.5,168900.0,2020-07-17T00:00:00,AGYS
762,17.49,18.33,17.49,18.25,18.25,173300.0,2020-07-20T00:00:00,AGYS
763,18.389999,18.639999,18.1,18.51,18.51,280000.0,2020-07-21T00:00:00,AGYS
764,18.450001,18.75,18.15,18.52,18.52,150600.0,2020-07-22T00:00:00,AGYS
765,18.41,18.85,17.959999,18.25,18.25,123500.0,2020-07-23T00:00:00,AGYS
766,18.190001,18.190001,17.57,17.74,17.74,234200.0,2020-07-24T00:00:00,AGYS
767,17.719999,18.040001,17.57,18.02,18.02,140300.0,2020-07-27T00:00:00,AGYS
768,17.83,18.059999,17.440001,17.879999,17.879999,209600.0,2020-07-28T00:00:00,AGYS
769,19.33,22.0,19.25,21.530001,21.530001,424600.0,2020-07-29T00:00:00,AGYS
770,21.110001,21.33,19.959999,21.09,21.09,293200.0,2020-07-30T00:00:00,AGYS
771,21.030001,21.450001,20.5,20.959999,20.959999,257200.0,2020-07-31T00:00:00,AGYS
772,21.0,21.16,20.280001,20.879999,20.879999,267200.0,2020-08-03T00:00:00,AGYS
773,20.84,21.75,20.639999,21.48,21.48,235000.0,2020-08-04T00:00:00,AGYS
774,21.799999,22.030001,21.25,21.690001,21.690001,249400.0,2020-08-05T00:00:00,AGYS
775,21.67,22.370001,21.610001,22.219999,22.219999,158800.0,2020-08-06T00:00:00,AGYS
776,22.030001,23.559999,21.85,23.530001,23.530001,218300.0,2020-08-07T00:00:00,AGYS
777,23.719999,24.389999,23.540001,24.059999,24.059999,196000.0,2020-08-10T00:00:00,AGYS
778,24.299999,24.629999,23.24,24.02,24.02,320500.0,2020-08-11T00:00:00,AGYS
779,24.200001,24.629999,24.0,24.35,24.35,168600.0,2020-08-12T00:00:00,AGYS
780,24.34,24.82,23.969999,24.030001,24.030001,293600.0,2020-08-13T00:00:00,AGYS
781,23.959999,24.370001,23.49,24.209999,24.209999,163400.0,2020-08-14T00:00:00,AGYS
782,24.299999,24.719999,23.84,24.440001,24.440001,123600.0,2020-08-17T00:00:00,AGYS
783,24.24,24.549999,23.42,24.309999,24.309999,298700.0,2020-08-18T00:00:00,AGYS
784,24.25,24.959999,24.030001,24.85,24.85,110600.0,2020-08-19T00:00:00,AGYS
785,24.559999,25.620001,24.559999,25.6,25.6,131700.0,2020-08-20T00:00:00,AGYS
786,25.629999,25.67,24.98,25.110001,25.110001,160500.0,2020-08-21T00:00:00,AGYS
787,25.290001,25.59,24.85,25.24,25.24,186300.0,2020-08-24T00:00:00,AGYS
788,25.190001,25.549999,24.709999,24.860001,24.860001,214100.0,2020-08-25T00:00:00,AGYS
789,25.059999,25.450001,24.870001,25.200001,25.200001,149000.0,2020-08-26T00:00:00,AGYS
790,25.35,25.51,25.120001,25.360001,25.360001,110700.0,2020-08-27T00:00:00,AGYS
791,25.42,25.799999,24.959999,25.57,25.57,100000.0,2020-08-28T00:00:00,AGYS
792,25.58,25.58,25.1,25.370001,25.370001,162500.0,2020-08-31T00:00:00,AGYS
793,25.25,25.799999,25.129999,25.790001,25.790001,105300.0,2020-09-01T00:00:00,AGYS
794,25.709999,25.83,25.34,25.690001,25.690001,75800.0,2020-09-02T00:00:00,AGYS
795,25.52,25.52,24.57,24.57,24.57,164600.0,2020-09-03T00:00:00,AGYS
796,24.73,25.219999,23.030001,23.92,23.92,146100.0,2020-09-04T00:00:00,AGYS
797,23.59,24.459999,23.16,24.030001,24.030001,135600.0,2020-09-08T00:00:00,AGYS
798,24.34,24.540001,23.92,24.23,24.23,101300.0,2020-09-09T00:00:00,AGYS
799,24.389999,25.049999,24.209999,24.66,24.66,119900.0,2020-09-10T00:00:00,AGYS
800,24.780001,24.99,24.059999,24.299999,24.299999,173900.0,2020-09-11T00:00:00,AGYS
801,24.610001,25.370001,24.290001,25.280001,25.280001,126000.0,2020-09-14T00:00:00,AGYS
802,25.34,25.870001,25.1,25.67,25.67,111800.0,2020-09-15T00:00:00,AGYS
803,25.84,26.530001,25.610001,26.23,26.23,141900.0,2020-09-16T00:00:00,AGYS
804,26.59,26.639999,25.92,26.15,26.15,148400.0,2020-09-17T00:00:00,AGYS
805,26.42,26.58,24.92,25.639999,25.639999,326200.0,2020-09-18T00:00:00,AGYS
806,25.120001,25.379999,23.629999,24.129999,24.129999,114100.0,2020-09-21T00:00:00,AGYS
807,24.23,24.719999,23.809999,24.719999,24.719999,66300.0,2020-09-22T00:00:00,AGYS
808,24.709999,24.9,23.84,23.85,23.85,101700.0,2020-09-23T00:00:00,AGYS
809,23.76,24.120001,23.48,23.65,23.65,116400.0,2020-09-24T00:00:00,AGYS
810,23.49,24.48,23.389999,24.32,24.32,74300.0,2020-09-25T00:00:00,AGYS
811,24.690001,25.219999,24.440001,24.59,24.59,75200.0,2020-09-28T00:00:00,AGYS
812,24.610001,24.84,24.389999,24.59,24.59,87500.0,2020-09-29T00:00:00,AGYS
813,24.629999,25.07,24.059999,24.16,24.16,188700.0,2020-09-30T00:00:00,AGYS
814,24.24,24.940001,24.049999,24.75,24.75,105300.0,2020-10-01T00:00:00,AGYS
815,24.129999,24.879999,24.129999,24.52,24.52,60800.0,2020-10-02T00:00:00,AGYS
816,24.75,25.049999,24.200001,24.91,24.91,60400.0,2020-10-05T00:00:00,AGYS
817,25.200001,25.77,24.93,24.93,24.93,83200.0,2020-10-06T00:00:00,AGYS
818,25.190001,25.41,24.860001,25.18,25.18,85200.0,2020-10-07T00:00:00,AGYS
819,25.389999,25.5,25.15,25.360001,25.360001,67400.0,2020-10-08T00:00:00,AGYS
820,25.58,27.719999,25.280001,27.48,27.48,305400.0,2020-10-09T00:00:00,AGYS
821,27.73,27.73,25.709999,26.040001,26.040001,128400.0,2020-10-12T00:00:00,AGYS
822,25.85,26.73,25.85,26.67,26.67,135700.0,2020-10-13T00:00:00,AGYS
823,26.610001,26.92,26.24,26.370001,26.370001,99300.0,2020-10-14T00:00:00,AGYS
824,25.969999,26.780001,25.59,26.66,26.66,67900.0,2020-10-15T00:00:00,AGYS
825,26.51,27.049999,26.309999,26.379999,26.379999,68800.0,2020-10-16T00:00:00,AGYS
826,26.4,27.1,26.139999,26.34,26.34,80900.0,2020-10-19T00:00:00,AGYS
827,26.559999,27.139999,26.27,26.74,26.74,94300.0,2020-10-20T00:00:00,AGYS
828,26.9,26.9,25.549999,25.639999,25.639999,69000.0,2020-10-21T00:00:00,AGYS
829,25.629999,26.26,25.370001,26.15,26.15,77300.0,2020-10-22T00:00:00,AGYS
830,26.26,26.860001,25.98,26.719999,26.719999,92800.0,2020-10-23T00:00:00,AGYS
831,26.41,26.41,25.41,25.82,25.82,114700.0,2020-10-26T00:00:00,AGYS
832,25.33,26.280001,25.059999,25.389999,25.389999,139500.0,2020-10-27T00:00:00,AGYS
833,28.549999,28.549999,25.379999,26.950001,26.950001,312500.0,2020-10-28T00:00:00,AGYS
834,27.030001,28.0,26.5,27.450001,27.450001,253900.0,2020-10-29T00:00:00,AGYS
835,27.48,27.719999,26.73,27.08,27.08,206600.0,2020-10-30T00:00:00,AGYS
836,27.139999,27.68,26.51,27.48,27.48,176800.0,2020-11-02T00:00:00,AGYS
837,27.700001,28.68,27.120001,28.43,28.43,211900.0,2020-11-03T00:00:00,AGYS
838,28.040001,28.74,27.67,28.51,28.51,164200.0,2020-11-04T00:00:00,AGYS
839,28.879999,30.68,28.360001,30.620001,30.620001,166200.0,2020-11-05T00:00:00,AGYS
840,30.700001,30.9,30.209999,30.85,30.85,95600.0,2020-11-06T00:00:00,AGYS
841,32.25,33.16,31.0,31.469999,31.469999,208600.0,2020-11-09T00:00:00,AGYS
842,31.67,31.940001,30.950001,31.68,31.68,164400.0,2020-11-10T00:00:00,AGYS
843,31.83,32.150002,31.040001,32.07,32.07,86000.0,2020-11-11T00:00:00,AGYS
844,32.0,33.490002,31.629999,32.75,32.75,216500.0,2020-11-12T00:00:00,AGYS
845,33.09,33.43,32.040001,33.16,33.16,96200.0,2020-11-13T00:00:00,AGYS
846,33.529999,34.849998,33.200001,34.049999,34.049999,118300.0,2020-11-16T00:00:00,AGYS
847,33.610001,36.259998,33.470001,36.029999,36.029999,225000.0,2020-11-17T00:00:00,AGYS
848,36.0,38.709999,35.529999,37.650002,37.650002,316500.0,2020-11-18T00:00:00,AGYS
849,37.400002,39.720001,37.400002,39.650002,39.650002,226600.0,2020-11-19T00:00:00,AGYS
850,40.860001,42.34,40.549999,40.66,40.66,395900.0,2020-11-20T00:00:00,AGYS
851,41.240002,41.450001,37.98,38.389999,38.389999,252700.0,2020-11-23T00:00:00,AGYS
852,39.0,40.099998,38.299999,38.380001,38.380001,173100.0,2020-11-24T00:00:00,AGYS
853,39.439999,39.939999,38.099998,38.459999,38.459999,346500.0,2020-11-25T00:00:00,AGYS
854,38.740002,39.580002,37.959999,38.43,38.43,144100.0,2020-11-27T00:00:00,AGYS
855,38.32,38.470001,36.689999,37.360001,37.360001,365000.0,2020-11-30T00:00:00,AGYS
856,37.82,38.349998,36.77,37.150002,37.150002,659400.0,2020-12-01T00:00:00,AGYS
857,36.75,37.330002,35.849998,37.119999,37.119999,266100.0,2020-12-02T00:00:00,AGYS
858,37.41,38.490002,37.41,38.279999,38.279999,108100.0,2020-12-03T00:00:00,AGYS
859,39.09,39.279999,38.279999,38.830002,38.830002,86500.0,2020-12-04T00:00:00,AGYS
860,38.810001,40.290001,37.990002,40.07,40.07,136200.0,2020-12-07T00:00:00,AGYS
861,40.080002,40.639999,39.540001,40.490002,40.490002,126100.0,2020-12-08T00:00:00,AGYS
862,40.540001,41.279999,39.189999,39.439999,39.439999,148800.0,2020-12-09T00:00:00,AGYS
863,39.049999,40.439999,38.02,39.900002,39.900002,78800.0,2020-12-10T00:00:00,AGYS
864,39.139999,40.330002,39.139999,39.669998,39.669998,83500.0,2020-12-11T00:00:00,AGYS
865,39.93,40.099998,38.119999,38.220001,38.220001,115600.0,2020-12-14T00:00:00,AGYS
866,38.59,39.709999,38.25,39.220001,39.220001,302800.0,2020-12-15T00:00:00,AGYS
867,39.009998,39.810001,38.470001,38.919998,38.919998,81700.0,2020-12-16T00:00:00,AGYS
868,39.009998,40.73,39.009998,40.560001,40.560001,99100.0,2020-12-17T00:00:00,AGYS
869,41.0,41.709999,39.509998,39.669998,39.669998,395500.0,2020-12-18T00:00:00,AGYS
870,38.790001,40.43,38.23,40.080002,40.080002,102100.0,2020-12-21T00:00:00,AGYS
871,40.389999,42.189999,40.169998,41.93,41.93,126100.0,2020-12-22T00:00:00,AGYS
872,41.990002,42.630001,41.709999,41.82,41.82,100600.0,2020-12-23T00:00:00,AGYS
873,41.939999,42.169998,40.68,41.040001,41.040001,35900.0,2020-12-24T00:00:00,AGYS
874,41.200001,41.200001,39.700001,39.799999,39.799999,69300.0,2020-12-28T00:00:00,AGYS
875,40.029999,40.150002,38.32,38.669998,38.669998,90300.0,2020-12-29T00:00:00,AGYS
876,38.759998,39.060001,38.59,38.669998,38.669998,56000.0,2020-12-30T00:00:00,AGYS
877,38.790001,38.790001,37.970001,38.380001,38.380001,84200.0,2020-12-31T00:00:00,AGYS
878,38.400002,38.5,36.68,37.119999,37.119999,128700.0,2021-01-04T00:00:00,AGYS
879,36.889999,38.299999,36.799999,38.040001,38.040001,100400.0,2021-01-05T00:00:00,AGYS
880,38.259998,40.18,37.59,39.869999,39.869999,296800.0,2021-01-06T00:00:00,AGYS
881,39.959999,40.439999,38.23,40.189999,40.189999,172800.0,2021-01-07T00:00:00,AGYS
882,40.209999,40.439999,38.450001,39.34,39.34,84400.0,2021-01-08T00:00:00,AGYS
883,38.650002,39.869999,38.5,39.48,39.48,92300.0,2021-01-11T00:00:00,AGYS
884,39.549999,40.639999,39.259998,40.549999,40.549999,74000.0,2021-01-12T00:00:00,AGYS
885,40.57,41.450001,40.57,41.099998,41.099998,89100.0,2021-01-13T00:00:00,AGYS
886,41.32,43.09,41.32,42.549999,42.549999,154000.0,2021-01-14T00:00:00,AGYS
887,42.48,43.029999,41.91,42.5,42.5,105200.0,2021-01-15T00:00:00,AGYS
888,43.299999,43.93,40.82,41.23,41.23,202900.0,2021-01-19T00:00:00,AGYS
889,41.23,42.57,40.700001,42.560001,42.560001,102400.0,2021-01-20T00:00:00,AGYS
890,43.299999,43.689999,42.310001,43.220001,43.220001,110800.0,2021-01-21T00:00:00,AGYS
891,42.970001,45.369999,42.09,44.880001,44.880001,171800.0,2021-01-22T00:00:00,AGYS
892,45.119999,48.73,45.110001,48.389999,48.389999,206500.0,2021-01-25T00:00:00,AGYS
893,48.509998,51.299999,47.990002,49.869999,49.869999,400500.0,2021-01-26T00:00:00,AGYS
894,44.790001,45.540001,39.119999,40.259998,40.259998,620000.0,2021-01-27T00:00:00,AGYS
895,40.259998,40.779999,38.759998,39.73,39.73,257800.0,2021-01-28T00:00:00,AGYS
896,39.470001,39.529999,36.200001,36.790001,36.790001,312900.0,2021-01-29T00:00:00,AGYS
897,37.130001,38.650002,35.799999,38.490002,38.490002,214500.0,2021-02-01T00:00:00,AGYS
898,38.75,42.470001,38.75,41.830002,41.830002,185300.0,2021-02-02T00:00:00,AGYS
899,41.900002,43.779999,41.900002,42.66,42.66,304900.0,2021-02-03T00:00:00,AGYS
900,43.080002,44.369999,41.970001,43.75,43.75,182500.0,2021-02-04T00:00:00,AGYS
901,43.82,45.080002,43.209999,45.07,45.07,98000.0,2021-02-05T00:00:00,AGYS
902,45.450001,47.82,45.25,47.82,47.82,235100.0,2021-02-08T00:00:00,AGYS
903,48.0,53.860001,47.75,53.610001,53.610001,307200.0,2021-02-09T00:00:00,AGYS
904,53.599998,55.310001,52.689999,54.68,54.68,347300.0,2021-02-10T00:00:00,AGYS
905,54.810001,55.970001,54.040001,55.689999,55.689999,126900.0,2021-02-11T00:00:00,AGYS
906,55.549999,57.259998,54.34,56.360001,56.360001,285600.0,2021-02-12T00:00:00,AGYS
907,56.869999,56.869999,54.279999,55.619999,55.619999,166000.0,2021-02-16T00:00:00,AGYS
908,54.849998,57.209999,54.009998,55.599998,55.599998,179200.0,2021-02-17T00:00:00,AGYS
909,55.32,57.369999,54.25,55.490002,55.490002,139800.0,2021-02-18T00:00:00,AGYS
910,55.709999,58.240002,55.619999,57.25,57.25,171800.0,2021-02-19T00:00:00,AGYS
911,55.860001,60.02,55.18,59.970001,59.970001,184500.0,2021-02-22T00:00:00,AGYS
912,58.490002,60.549999,58.0,59.16,59.16,292400.0,2021-02-23T00:00:00,AGYS
913,59.080002,61.490002,58.349998,60.16,60.16,199500.0,2021-02-24T00:00:00,AGYS
914,60.259998,61.27,58.790001,58.950001,58.950001,230300.0,2021-02-25T00:00:00,AGYS
915,58.75,61.209999,58.279999,59.59,59.59,300100.0,2021-02-26T00:00:00,AGYS
916,59.68,64.089996,59.68,62.91,62.91,270000.0,2021-03-01T00:00:00,AGYS
917,61.650002,63.130001,60.889999,61.369999,61.369999,476700.0,2021-03-02T00:00:00,AGYS
918,61.009998,62.700001,58.509998,59.209999,59.209999,278300.0,2021-03-03T00:00:00,AGYS
919,59.0,59.18,50.0,52.040001,52.040001,418700.0,2021-03-04T00:00:00,AGYS
920,52.540001,54.790001,50.130001,54.150002,54.150002,344400.0,2021-03-05T00:00:00,AGYS
921,54.41,56.860001,53.880001,54.040001,54.040001,156900.0,2021-03-08T00:00:00,AGYS
922,56.360001,57.43,54.259998,55.470001,55.470001,253900.0,2021-03-09T00:00:00,AGYS
923,55.860001,57.66,55.529999,57.0,57.0,107400.0,2021-03-10T00:00:00,AGYS
924,57.880001,61.439999,57.880001,61.25,61.25,105900.0,2021-03-11T00:00:00,AGYS
925,61.200001,61.200001,59.509998,59.919998,59.919998,110400.0,2021-03-12T00:00:00,AGYS
926,59.27,59.82,56.75,58.490002,58.490002,193900.0,2021-03-15T00:00:00,AGYS
927,58.34,60.959999,56.68,57.34,57.34,139400.0,2021-03-16T00:00:00,AGYS
928,56.799999,59.02,55.02,58.77,58.77,101300.0,2021-03-17T00:00:00,AGYS
929,59.119999,59.119999,54.32,54.509998,54.509998,121300.0,2021-03-18T00:00:00,AGYS
930,54.040001,56.48,51.639999,54.369999,54.369999,332900.0,2021-03-19T00:00:00,AGYS
931,55.240002,56.310001,51.639999,51.93,51.93,208100.0,2021-03-22T00:00:00,AGYS
932,51.48,53.619999,49.599998,50.139999,50.139999,160900.0,2021-03-23T00:00:00,AGYS
933,50.889999,52.599998,46.98,47.139999,47.139999,186000.0,2021-03-24T00:00:00,AGYS
934,46.200001,48.419998,45.799999,48.07,48.07,312300.0,2021-03-25T00:00:00,AGYS
935,48.27,50.049999,46.849998,48.34,48.34,200500.0,2021-03-26T00:00:00,AGYS
936,48.049999,49.950001,45.189999,45.540001,45.540001,172900.0,2021-03-29T00:00:00,AGYS
937,45.740002,46.900002,44.75,46.52,46.52,117000.0,2021-03-30T00:00:00,AGYS
938,46.810001,49.470001,46.560001,47.959999,47.959999,256300.0,2021-03-31T00:00:00,AGYS
939,48.34,50.610001,48.34,49.779999,49.779999,126700.0,2021-04-01T00:00:00,AGYS
940,50.77,51.18,50.009998,50.48,50.48,104600.0,2021-04-05T00:00:00,AGYS
941,50.5,51.360001,50.07,51.060001,51.060001,77400.0,2021-04-06T00:00:00,AGYS
942,50.889999,51.040001,48.41,48.669998,48.669998,71800.0,2021-04-07T00:00:00,AGYS
943,49.299999,50.360001,48.439999,50.259998,50.259998,96400.0,2021-04-08T00:00:00,AGYS
944,50.240002,50.889999,48.490002,50.419998,50.419998,92000.0,2021-04-09T00:00:00,AGYS
945,50.369999,51.0,48.0,49.110001,49.110001,80200.0,2021-04-12T00:00:00,AGYS
946,48.529999,50.209999,48.02,49.299999,49.299999,103000.0,2021-04-13T00:00:00,AGYS
947,49.349998,50.610001,48.98,49.299999,49.299999,71900.0,2021-04-14T00:00:00,AGYS
948,50.34,50.34,48.810001,49.799999,49.799999,64800.0,2021-04-15T00:00:00,AGYS
949,50.0,51.389999,49.25,50.439999,50.439999,92000.0,2021-04-16T00:00:00,AGYS
950,50.02,50.439999,48.400002,49.25,49.25,96700.0,2021-04-19T00:00:00,AGYS
951,48.66,49.599998,47.689999,48.330002,48.330002,103700.0,2021-04-20T00:00:00,AGYS
952,48.360001,51.220001,47.310001,50.52,50.52,151500.0,2021-04-21T00:00:00,AGYS
953,50.130001,52.82,49.549999,50.82,50.82,117200.0,2021-04-22T00:00:00,AGYS
954,51.34,52.389999,50.77,50.990002,50.990002,156800.0,2021-04-23T00:00:00,AGYS
955,51.639999,53.169998,51.599998,52.540001,52.540001,71300.0,2021-04-26T00:00:00,AGYS
956,52.880001,53.759998,51.740002,52.380001,52.380001,94100.0,2021-04-27T00:00:00,AGYS
957,52.34,53.759998,51.450001,53.16,53.16,80800.0,2021-04-28T00:00:00,AGYS
958,53.650002,53.650002,50.169998,51.32,51.32,99200.0,2021-04-29T00:00:00,AGYS
959,50.599998,51.369999,50.060001,50.41,50.41,71500.0,2021-04-30T00:00:00,AGYS
960,51.25,52.110001,50.259998,50.669998,50.669998,141800.0,2021-05-03T00:00:00,AGYS
961,50.189999,50.5,48.25,49.779999,49.779999,109000.0,2021-05-04T00:00:00,AGYS
962,50.25,50.75,48.75,50.110001,50.110001,64900.0,2021-05-05T00:00:00,AGYS
963,50.330002,51.27,49.299999,51.25,51.25,133600.0,2021-05-06T00:00:00,AGYS
964,51.400002,52.700001,51.400002,52.150002,52.150002,76500.0,2021-05-07T00:00:00,AGYS
965,52.099998,52.849998,49.32,49.52,49.52,120600.0,2021-05-10T00:00:00,AGYS
966,47.369999,49.009998,46.68,48.34,48.34,104300.0,2021-05-11T00:00:00,AGYS
967,47.580002,48.52,45.360001,45.75,45.75,90800.0,2021-05-12T00:00:00,AGYS
968,46.200001,47.27,44.689999,46.0,46.0,73300.0,2021-05-13T00:00:00,AGYS
969,46.77,48.16,46.419998,48.049999,48.049999,53300.0,2021-05-14T00:00:00,AGYS
970,47.630001,47.849998,44.75,47.18,47.18,66800.0,2021-05-17T00:00:00,AGYS
971,47.959999,49.139999,47.25,47.279999,47.279999,98400.0,2021-05-18T00:00:00,AGYS
972,45.5,47.41,43.029999,47.060001,47.060001,137800.0,2021-05-19T00:00:00,AGYS
973,46.950001,47.91,46.080002,47.889999,47.889999,87100.0,2021-05-20T00:00:00,AGYS
974,48.68,49.290001,47.720001,49.02,49.02,74300.0,2021-05-21T00:00:00,AGYS
975,49.52,50.779999,49.080002,50.209999,50.209999,76200.0,2021-05-24T00:00:00,AGYS
976,50.77,51.82,50.450001,50.610001,50.610001,75700.0,2021-05-25T00:00:00,AGYS
977,50.740002,53.09,50.73,52.889999,52.889999,94200.0,2021-05-26T00:00:00,AGYS
978,53.459999,53.459999,51.540001,52.23,52.23,184800.0,2021-05-27T00:00:00,AGYS
979,52.080002,52.52,50.240002,50.790001,50.790001,144400.0,2021-05-28T00:00:00,AGYS
980,51.25,52.41,49.43,52.209999,52.209999,176500.0,2021-06-01T00:00:00,AGYS
981,52.220001,52.93,51.110001,52.349998,52.349998,885800.0,2021-06-02T00:00:00,AGYS
982,51.700001,53.639999,51.5,53.25,53.25,137300.0,2021-06-03T00:00:00,AGYS
983,53.639999,55.130001,52.900002,54.549999,54.549999,131700.0,2021-06-04T00:00:00,AGYS
984,55.02,56.93,54.389999,56.830002,56.830002,112100.0,2021-06-07T00:00:00,AGYS
985,57.599998,58.169998,56.43,58.009998,58.009998,127700.0,2021-06-08T00:00:00,AGYS
986,58.299999,59.360001,54.639999,55.029999,55.029999,98100.0,2021-06-09T00:00:00,AGYS
987,55.299999,56.23,54.52,54.689999,54.689999,74000.0,2021-06-10T00:00:00,AGYS
988,54.860001,56.310001,54.77,56.290001,56.290001,135800.0,2021-06-11T00:00:00,AGYS
989,56.470001,57.720001,55.830002,56.07,56.07,86600.0,2021-06-14T00:00:00,AGYS
990,56.07,56.07,53.869999,54.110001,54.110001,152700.0,2021-06-15T00:00:00,AGYS
991,53.720001,54.119999,49.93,53.93,53.93,115500.0,2021-06-16T00:00:00,AGYS
992,53.490002,55.560001,53.490002,54.369999,54.369999,69200.0,2021-06-17T00:00:00,AGYS
993,53.16,55.740002,52.66,54.389999,54.389999,251000.0,2021-06-18T00:00:00,AGYS
994,54.919998,55.509998,53.720001,54.34,54.34,114400.0,2021-06-21T00:00:00,AGYS
995,53.919998,54.299999,52.169998,54.27,54.27,48400.0,2021-06-22T00:00:00,AGYS
996,54.299999,55.650002,54.299999,55.099998,55.099998,64600.0,2021-06-23T00:00:00,AGYS
997,55.529999,57.59,55.529999,57.029999,57.029999,116600.0,2021-06-24T00:00:00,AGYS
998,57.029999,57.029999,55.540001,55.889999,55.889999,292300.0,2021-06-25T00:00:00,AGYS
999,56.119999,56.990002,56.02,56.93,56.93,95400.0,2021-06-28T00:00:00,AGYS
1000,57.209999,58.990002,55.849998,56.75,56.75,89000.0,2021-06-29T00:00:00,AGYS
1001,56.419998,57.150002,54.849998,56.869999,56.869999,292500.0,2021-06-30T00:00:00,AGYS
1002,57.119999,58.560001,55.889999,56.98,56.98,79500.0,2021-07-01T00:00:00,AGYS
1003,57.25,57.779999,56.59,57.23,57.23,48700.0,2021-07-02T00:00:00,AGYS
1004,57.560001,59.599998,56.349998,58.450001,58.450001,242300.0,2021-07-06T00:00:00,AGYS
1005,58.639999,58.91,55.049999,55.689999,55.689999,104800.0,2021-07-07T00:00:00,AGYS
1006,54.279999,55.880001,49.02,55.689999,55.689999,95000.0,2021-07-08T00:00:00,AGYS
1007,56.009998,57.52,53.889999,57.330002,57.330002,49400.0,2021-07-09T00:00:00,AGYS
1008,57.330002,57.919998,56.990002,57.57,57.57,83900.0,2021-07-12T00:00:00,AGYS
1009,57.369999,57.779999,54.869999,57.009998,57.009998,110500.0,2021-07-13T00:00:00,AGYS
1010,57.709999,57.720001,56.509998,56.799999,56.799999,75400.0,2021-07-14T00:00:00,AGYS
1011,56.540001,57.380001,56.189999,56.849998,56.849998,71900.0,2021-07-15T00:00:00,AGYS
1012,57.57,58.200001,55.209999,55.41,55.41,123800.0,2021-07-16T00:00:00,AGYS
1013,54.0,55.290001,51.759998,54.119999,54.119999,87900.0,2021-07-19T00:00:00,AGYS
1014,54.5,56.75,53.970001,55.32,55.32,154800.0,2021-07-20T00:00:00,AGYS
1015,55.880001,57.310001,55.52,56.84,56.84,75800.0,2021-07-21T00:00:00,AGYS
1016,56.759998,56.950001,54.32,54.720001,54.720001,55400.0,2021-07-22T00:00:00,AGYS
1017,55.0,56.48,53.91,54.580002,54.580002,53900.0,2021-07-23T00:00:00,AGYS
1018,54.98,56.790001,53.900002,56.639999,56.639999,74200.0,2021-07-26T00:00:00,AGYS
1019,56.119999,56.740002,53.509998,54.84,54.84,91900.0,2021-07-27T00:00:00,AGYS
1020,56.470001,57.009998,54.0,56.73,56.73,67200.0,2021-07-28T00:00:00,AGYS
1021,57.110001,57.610001,55.799999,56.290001,56.290001,48000.0,2021-07-29T00:00:00,AGYS
1022,56.139999,56.849998,54.209999,55.560001,55.560001,58700.0,2021-07-30T00:00:00,AGYS
1023,56.07,57.66,55.709999,55.939999,55.939999,78500.0,2021-08-02T00:00:00,AGYS
1024,56.220001,56.220001,54.290001,55.73,55.73,62300.0,2021-08-03T00:00:00,AGYS
1025,55.169998,55.77,54.450001,55.02,55.02,41800.0,2021-08-04T00:00:00,AGYS
1026,55.189999,57.400002,55.189999,57.220001,57.220001,52900.0,2021-08-05T00:00:00,AGYS
1027,57.549999,58.389999,56.110001,56.939999,56.939999,52300.0,2021-08-06T00:00:00,AGYS
1028,56.68,57.43,55.82,56.599998,56.599998,41400.0,2021-08-09T00:00:00,AGYS
1029,54.09,56.959999,54.09,56.34,56.34,52100.0,2021-08-10T00:00:00,AGYS
1030,56.360001,57.66,55.52,57.32,57.32,46500.0,2021-08-11T00:00:00,AGYS
1031,57.400002,58.419998,56.470001,57.91,57.91,58200.0,2021-08-12T00:00:00,AGYS
1032,57.990002,59.34,56.439999,56.860001,56.860001,47400.0,2021-08-13T00:00:00,AGYS
1033,56.560001,56.560001,53.400002,53.740002,53.740002,83600.0,2021-08-16T00:00:00,AGYS
1034,52.720001,52.900002,50.98,51.610001,51.610001,79100.0,2021-08-17T00:00:00,AGYS
1035,51.700001,52.0,50.18,50.290001,50.290001,40800.0,2021-08-18T00:00:00,AGYS
1036,48.709999,50.700001,48.709999,50.200001,50.200001,76800.0,2021-08-19T00:00:00,AGYS
1037,49.959999,53.029999,49.959999,52.91,52.91,73600.0,2021-08-20T00:00:00,AGYS
1038,53.16,53.57,52.73,53.0,53.0,68900.0,2021-08-23T00:00:00,AGYS
1039,53.23,53.349998,52.119999,52.610001,52.610001,57800.0,2021-08-24T00:00:00,AGYS
1040,52.849998,53.639999,50.400002,53.130001,53.130001,58300.0,2021-08-25T00:00:00,AGYS
1041,53.200001,55.48,53.200001,55.049999,55.049999,110900.0,2021-08-26T00:00:00,AGYS
1042,55.220001,57.52,53.93,57.299999,57.299999,108400.0,2021-08-27T00:00:00,AGYS
1043,57.470001,57.650002,56.189999,56.73,56.73,62700.0,2021-08-30T00:00:00,AGYS
1044,56.650002,57.470001,55.810001,56.830002,56.830002,78700.0,2021-08-31T00:00:00,AGYS
1045,57.360001,57.360001,55.599998,57.040001,57.040001,47900.0,2021-09-01T00:00:00,AGYS
1046,57.5,58.299999,56.889999,58.119999,58.119999,55100.0,2021-09-02T00:00:00,AGYS
1047,58.23,58.490002,55.279999,55.830002,55.830002,62200.0,2021-09-03T00:00:00,AGYS
1048,55.869999,55.869999,52.27,53.82,53.82,113400.0,2021-09-07T00:00:00,AGYS
1049,53.369999,55.470001,52.650002,53.759998,53.759998,105000.0,2021-09-08T00:00:00,AGYS
1050,53.59,54.650002,53.369999,53.369999,53.369999,57200.0,2021-09-09T00:00:00,AGYS
1051,53.549999,53.84,50.779999,51.0,51.0,87100.0,2021-09-10T00:00:00,AGYS
1052,51.619999,51.619999,49.98,50.779999,50.779999,79400.0,2021-09-13T00:00:00,AGYS
1053,51.049999,51.049999,49.400002,50.59,50.59,94200.0,2021-09-14T00:00:00,AGYS
1054,50.599998,52.580002,50.389999,52.419998,52.419998,67800.0,2021-09-15T00:00:00,AGYS
1055,52.240002,52.240002,50.900002,51.709999,51.709999,65000.0,2021-09-16T00:00:00,AGYS
1056,51.82,53.470001,51.200001,53.189999,53.189999,440800.0,2021-09-17T00:00:00,AGYS
1057,51.650002,52.93,49.549999,50.73,50.73,79100.0,2021-09-20T00:00:00,AGYS
1058,51.110001,51.939999,50.43,51.099998,51.099998,65700.0,2021-09-21T00:00:00,AGYS
1059,51.509998,52.939999,51.509998,52.400002,52.400002,41800.0,2021-09-22T00:00:00,AGYS
1060,52.82,54.080002,51.77,53.84,53.84,44300.0,2021-09-23T00:00:00,AGYS
1061,53.189999,53.93,52.549999,52.639999,52.639999,50100.0,2021-09-24T00:00:00,AGYS
1062,52.720001,53.720001,52.389999,53.360001,53.360001,44000.0,2021-09-27T00:00:00,AGYS
1063,52.82,52.82,50.779999,50.91,50.91,42800.0,2021-09-28T00:00:00,AGYS
1064,51.400002,51.630001,48.490002,51.540001,51.540001,77300.0,2021-09-29T00:00:00,AGYS
1065,52.080002,53.450001,52.080002,52.360001,52.360001,132600.0,2021-09-30T00:00:00,AGYS
1066,52.68,55.75,52.630001,55.200001,55.200001,99300.0,2021-10-01T00:00:00,AGYS
1067,55.549999,55.549999,53.130001,53.5,53.5,64500.0,2021-10-04T00:00:00,AGYS
1068,53.540001,53.540001,51.849998,51.990002,51.990002,54800.0,2021-10-05T00:00:00,AGYS
1069,51.299999,53.439999,50.639999,52.950001,52.950001,34400.0,2021-10-06T00:00:00,AGYS
1070,53.360001,54.700001,53.360001,54.099998,54.099998,33800.0,2021-10-07T00:00:00,AGYS
1071,53.98,54.990002,51.84,52.200001,52.200001,50300.0,2021-10-08T00:00:00,AGYS
1072,52.060001,52.790001,51.529999,51.91,51.91,40000.0,2021-10-11T00:00:00,AGYS
1073,52.16,52.860001,51.439999,52.02,52.02,42300.0,2021-10-12T00:00:00,AGYS
1074,52.619999,54.07,52.220001,53.669998,53.669998,35300.0,2021-10-13T00:00:00,AGYS
1075,54.43,55.18,53.68,54.209999,54.209999,33100.0,2021-10-14T00:00:00,AGYS
1076,55.220001,55.220001,53.220001,53.459999,53.459999,80400.0,2021-10-15T00:00:00,AGYS
1077,53.110001,54.119999,52.939999,53.0,53.0,80100.0,2021-10-18T00:00:00,AGYS
1078,53.369999,54.189999,52.77,53.189999,53.189999,52300.0,2021-10-19T00:00:00,AGYS
1079,53.43,53.700001,52.669998,53.029999,53.029999,44700.0,2021-10-20T00:00:00,AGYS
1080,53.080002,53.279999,52.189999,52.52,52.52,47600.0,2021-10-21T00:00:00,AGYS
1081,52.52,52.68,51.169998,51.700001,51.700001,62500.0,2021-10-22T00:00:00,AGYS
1082,51.810001,52.990002,51.400002,52.259998,52.259998,57800.0,2021-10-25T00:00:00,AGYS
1083,52.610001,54.139999,51.98,52.360001,52.360001,86000.0,2021-10-26T00:00:00,AGYS
1084,48.490002,50.25,41.919998,41.919998,41.919998,395300.0,2021-10-27T00:00:00,AGYS
1085,42.060001,43.200001,40.279999,42.82,42.82,232100.0,2021-10-28T00:00:00,AGYS
1086,44.59,48.049999,44.09,47.720001,47.720001,242200.0,2021-10-29T00:00:00,AGYS
1087,47.5,48.5,44.560001,47.509998,47.509998,111300.0,2021-11-01T00:00:00,AGYS
1088,47.580002,48.330002,47.07,47.509998,47.509998,76300.0,2021-11-02T00:00:00,AGYS
1089,47.349998,48.98,47.0,48.52,48.52,63200.0,2021-11-03T00:00:00,AGYS
1090,48.900002,48.970001,47.470001,47.799999,47.799999,51300.0,2021-11-04T00:00:00,AGYS
1091,48.080002,50.610001,48.080002,49.82,49.82,68900.0,2021-11-05T00:00:00,AGYS
1092,50.43,52.419998,50.139999,50.849998,50.849998,81300.0,2021-11-08T00:00:00,AGYS
1093,50.810001,51.669998,50.48,51.5,51.5,58300.0,2021-11-09T00:00:00,AGYS
1094,51.080002,51.610001,49.209999,49.52,49.52,115600.0,2021-11-10T00:00:00,AGYS
1095,49.830002,50.209999,47.240002,47.400002,47.400002,110300.0,2021-11-11T00:00:00,AGYS
1096,47.400002,48.66,47.060001,47.869999,47.869999,40200.0,2021-11-12T00:00:00,AGYS
1097,48.049999,48.049999,47.0,47.529999,47.529999,66000.0,2021-11-15T00:00:00,AGYS
1098,47.02,48.310001,46.48,48.310001,48.310001,59200.0,2021-11-16T00:00:00,AGYS
1099,47.84,48.860001,45.419998,45.439999,45.439999,65700.0,2021-11-17T00:00:00,AGYS
1100,46.099998,46.099998,43.799999,44.009998,44.009998,75200.0,2021-11-18T00:00:00,AGYS
1101,43.799999,44.880001,43.799999,44.549999,44.549999,79200.0,2021-11-19T00:00:00,AGYS
1102,44.810001,45.720001,43.099998,43.939999,43.939999,82200.0,2021-11-22T00:00:00,AGYS
1103,43.869999,45.07,43.299999,44.59,44.59,77100.0,2021-11-23T00:00:00,AGYS
1104,44.200001,45.18,43.82,45.040001,45.040001,23500.0,2021-11-24T00:00:00,AGYS
1105,43.48,43.68,41.880001,43.509998,43.509998,54700.0,2021-11-26T00:00:00,AGYS
1106,44.279999,44.59,42.880001,43.759998,43.759998,128300.0,2021-11-29T00:00:00,AGYS
1107,43.310001,43.990002,42.630001,43.549999,43.549999,138100.0,2021-11-30T00:00:00,AGYS
1108,44.549999,44.860001,42.02,43.02,43.02,178300.0,2021-12-01T00:00:00,AGYS
1109,42.900002,44.43,42.200001,44.119999,44.119999,110300.0,2021-12-02T00:00:00,AGYS
1110,44.34,44.34,41.18,42.16,42.16,59500.0,2021-12-03T00:00:00,AGYS
1111,42.810001,45.77,41.470001,45.209999,45.209999,119500.0,2021-12-06T00:00:00,AGYS
1112,45.860001,48.450001,44.830002,47.16,47.16,93600.0,2021-12-07T00:00:00,AGYS
1113,47.52,48.400002,45.799999,47.790001,47.790001,39800.0,2021-12-08T00:00:00,AGYS
1114,47.25,48.009998,45.68,45.75,45.75,80400.0,2021-12-09T00:00:00,AGYS
1115,46.380001,47.139999,45.16,45.41,45.41,58700.0,2021-12-10T00:00:00,AGYS
1116,45.029999,45.740002,43.02,43.689999,43.689999,67800.0,2021-12-13T00:00:00,AGYS
1117,43.389999,44.32,42.009998,43.23,43.23,67100.0,2021-12-14T00:00:00,AGYS
1118,43.09,44.900002,41.529999,44.560001,44.560001,98700.0,2021-12-15T00:00:00,AGYS
1119,44.970001,44.970001,40.810001,41.48,41.48,123900.0,2021-12-16T00:00:00,AGYS
1120,41.470001,44.23,40.09,41.68,41.68,630800.0,2021-12-17T00:00:00,AGYS
1121,41.110001,43.459999,40.509998,43.299999,43.299999,128100.0,2021-12-20T00:00:00,AGYS
1122,44.0,44.82,43.540001,44.459999,44.459999,68400.0,2021-12-21T00:00:00,AGYS
1123,44.400002,45.189999,44.099998,44.610001,44.610001,51200.0,2021-12-22T00:00:00,AGYS
1124,44.790001,44.84,44.200001,44.439999,44.439999,35200.0,2021-12-23T00:00:00,AGYS
1125,44.540001,45.07,44.200001,44.599998,44.599998,75600.0,2021-12-27T00:00:00,AGYS
1126,44.66,44.77,43.759998,43.759998,43.759998,55800.0,2021-12-28T00:00:00,AGYS
1127,44.009998,44.16,42.560001,43.560001,43.560001,69600.0,2021-12-29T00:00:00,AGYS
1128,43.41,44.66,43.41,44.279999,44.279999,79400.0,2021-12-30T00:00:00,AGYS
1129,44.310001,45.009998,43.279999,44.459999,44.459999,126700.0,2021-12-31T00:00:00,AGYS
1130,44.77,45.529999,42.950001,44.259998,44.259998,95000.0,2022-01-03T00:00:00,AGYS
1131,44.279999,44.950001,43.299999,44.700001,44.700001,80100.0,2022-01-04T00:00:00,AGYS
1132,44.5,45.310001,42.939999,42.939999,42.939999,119400.0,2022-01-05T00:00:00,AGYS
1133,43.02,44.599998,42.669998,44.029999,44.029999,92400.0,2022-01-06T00:00:00,AGYS
1134,43.790001,44.16,43.029999,43.470001,43.470001,94300.0,2022-01-07T00:00:00,AGYS
1135,42.990002,43.459999,41.029999,41.970001,41.970001,113800.0,2022-01-10T00:00:00,AGYS
1136,41.959999,42.75,40.91,42.549999,42.549999,83400.0,2022-01-11T00:00:00,AGYS
1137,42.970001,43.759998,42.34,42.5,42.5,83700.0,2022-01-12T00:00:00,AGYS
1138,42.84,43.360001,41.610001,41.849998,41.849998,88900.0,2022-01-13T00:00:00,AGYS
1139,41.34,42.07,39.720001,40.990002,40.990002,64400.0,2022-01-14T00:00:00,AGYS
1140,40.240002,40.57,38.91,39.009998,39.009998,74500.0,2022-01-18T00:00:00,AGYS
1141,39.369999,39.950001,37.310001,37.490002,37.490002,101100.0,2022-01-19T00:00:00,AGYS
1142,37.860001,39.029999,36.830002,36.830002,36.830002,67300.0,2022-01-20T00:00:00,AGYS
1143,36.18,37.68,35.59,36.0,36.0,84900.0,2022-01-21T00:00:00,AGYS
1144,35.099998,37.43,33.630001,37.209999,37.209999,163500.0,2022-01-24T00:00:00,AGYS
1145,36.68,37.389999,35.220001,36.330002,36.330002,131900.0,2022-01-25T00:00:00,AGYS
1146,38.689999,39.799999,35.689999,36.549999,36.549999,174100.0,2022-01-26T00:00:00,AGYS
1147,36.689999,37.32,35.080002,35.310001,35.310001,102900.0,2022-01-27T00:00:00,AGYS
1148,35.279999,36.98,34.34,36.950001,36.950001,144400.0,2022-01-28T00:00:00,AGYS
1149,36.66,38.259998,36.66,38.060001,38.060001,108000.0,2022-01-31T00:00:00,AGYS
1150,38.43,39.380001,38.040001,38.73,38.73,91300.0,2022-02-01T00:00:00,AGYS
1151,38.549999,39.119999,36.91,37.450001,37.450001,96900.0,2022-02-02T00:00:00,AGYS
1152,36.59,37.5,35.709999,36.57,36.57,79600.0,2022-02-03T00:00:00,AGYS
1153,36.290001,37.869999,35.630001,37.639999,37.639999,98300.0,2022-02-04T00:00:00,AGYS
1154,37.540001,38.689999,36.599998,37.099998,37.099998,83900.0,2022-02-07T00:00:00,AGYS
1155,37.09,38.599998,36.380001,38.450001,38.450001,71000.0,2022-02-08T00:00:00,AGYS
1156,38.720001,40.34,38.720001,39.91,39.91,126100.0,2022-02-09T00:00:00,AGYS
1157,39.0,40.610001,38.990002,39.830002,39.830002,114200.0,2022-02-10T00:00:00,AGYS
1158,40.139999,41.619999,38.990002,39.18,39.18,109000.0,2022-02-11T00:00:00,AGYS
1159,39.130001,40.669998,38.689999,39.709999,39.709999,82800.0,2022-02-14T00:00:00,AGYS
1160,40.220001,41.139999,40.080002,41.02,41.02,62900.0,2022-02-15T00:00:00,AGYS
1161,40.93,41.540001,39.939999,41.41,41.41,51900.0,2022-02-16T00:00:00,AGYS
1162,40.75,40.75,39.310001,39.77,39.77,56600.0,2022-02-17T00:00:00,AGYS
1163,39.540001,39.939999,38.330002,39.060001,39.060001,79100.0,2022-02-18T00:00:00,AGYS
1164,38.619999,39.959999,38.599998,39.060001,39.060001,73100.0,2022-02-22T00:00:00,AGYS
1165,39.529999,39.990002,38.869999,39.209999,39.209999,84400.0,2022-02-23T00:00:00,AGYS
1166,38.34,42.110001,37.41,42.060001,42.060001,97600.0,2022-02-24T00:00:00,AGYS
1167,41.98,41.98,40.93,41.130001,41.130001,53100.0,2022-02-25T00:00:00,AGYS
1168,40.830002,42.369999,40.48,42.029999,42.029999,76600.0,2022-02-28T00:00:00,AGYS
1169,42.130001,42.709999,40.400002,40.700001,40.700001,79900.0,2022-03-01T00:00:00,AGYS
1170,41.240002,42.18,40.470001,42.150002,42.150002,54400.0,2022-03-02T00:00:00,AGYS
1171,42.169998,42.169998,41.099998,41.41,41.41,57000.0,2022-03-03T00:00:00,AGYS
1172,41.02,41.209999,40.240002,40.84,40.84,92400.0,2022-03-04T00:00:00,AGYS
1173,41.02,41.23,40.150002,40.73,40.73,53000.0,2022-03-07T00:00:00,AGYS
1174,40.939999,40.939999,39.490002,40.02,40.02,60400.0,2022-03-08T00:00:00,AGYS
1175,40.970001,42.389999,40.970001,42.150002,42.150002,36000.0,2022-03-09T00:00:00,AGYS
1176,41.18,41.93,40.799999,41.790001,41.790001,63200.0,2022-03-10T00:00:00,AGYS
1177,42.279999,42.279999,39.5,39.619999,39.619999,80700.0,2022-03-11T00:00:00,AGYS
1178,39.57,39.57,37.439999,37.950001,37.950001,78900.0,2022-03-14T00:00:00,AGYS
1179,38.200001,38.619999,37.0,38.400002,38.400002,75900.0,2022-03-15T00:00:00,AGYS
1180,38.990002,40.82,38.799999,40.700001,40.700001,57000.0,2022-03-16T00:00:00,AGYS
1181,40.189999,41.66,40.189999,41.5,41.5,43300.0,2022-03-17T00:00:00,AGYS
1182,41.52,42.060001,41.0,41.889999,41.889999,123400.0,2022-03-18T00:00:00,AGYS
1183,41.889999,41.939999,40.75,41.639999,41.639999,40200.0,2022-03-21T00:00:00,AGYS
1184,41.700001,42.869999,41.650002,42.700001,42.700001,41000.0,2022-03-22T00:00:00,AGYS
1185,42.209999,42.32,41.27,41.450001,41.450001,31800.0,2022-03-23T00:00:00,AGYS
1186,41.470001,42.0,40.799999,41.959999,41.959999,21400.0,2022-03-24T00:00:00,AGYS
1187,42.02,42.040001,40.990002,41.32,41.32,39000.0,2022-03-25T00:00:00,AGYS
1188,41.220001,41.889999,40.32,40.52,40.52,69000.0,2022-03-28T00:00:00,AGYS
1189,41.080002,42.599998,41.080002,41.84,41.84,78200.0,2022-03-29T00:00:00,AGYS
1190,41.630001,41.759998,39.919998,40.259998,40.259998,52400.0,2022-03-30T00:00:00,AGYS
1191,40.220001,40.66,39.560001,39.880001,39.880001,67400.0,2022-03-31T00:00:00,AGYS
1192,40.27,40.560001,39.470001,40.220001,40.220001,104500.0,2022-04-01T00:00:00,AGYS
1193,40.509998,41.529999,40.200001,41.419998,41.419998,68300.0,2022-04-04T00:00:00,AGYS
1194,41.459999,41.57,40.360001,40.560001,40.560001,85800.0,2022-04-05T00:00:00,AGYS
1195,39.48,40.189999,39.009998,39.27,39.27,86700.0,2022-04-06T00:00:00,AGYS
1196,39.439999,39.459999,38.419998,38.580002,38.580002,91700.0,2022-04-07T00:00:00,AGYS
1197,38.330002,38.459999,37.470001,37.639999,37.639999,79000.0,2022-04-08T00:00:00,AGYS
1198,37.459999,37.889999,36.919998,37.16,37.16,76500.0,2022-04-11T00:00:00,AGYS
1199,37.709999,38.290001,37.189999,37.740002,37.740002,130800.0,2022-04-12T00:00:00,AGYS
1200,37.639999,39.240002,37.509998,39.110001,39.110001,68300.0,2022-04-13T00:00:00,AGYS
1201,39.279999,39.279999,38.0,38.049999,38.049999,63900.0,2022-04-14T00:00:00,AGYS
1202,37.860001,37.93,37.200001,37.59,37.59,46800.0,2022-04-18T00:00:00,AGYS
1203,37.360001,38.610001,37.360001,38.209999,38.209999,44900.0,2022-04-19T00:00:00,AGYS
1204,38.639999,38.639999,37.169998,37.330002,37.330002,52700.0,2022-04-20T00:00:00,AGYS
1205,37.84,38.509998,36.900002,37.240002,37.240002,53200.0,2022-04-21T00:00:00,AGYS
1206,36.93,37.77,36.310001,36.540001,36.540001,60500.0,2022-04-22T00:00:00,AGYS
1207,36.060001,37.310001,35.330002,37.18,37.18,47600.0,2022-04-25T00:00:00,AGYS
1208,36.689999,36.689999,35.669998,36.119999,36.119999,61700.0,2022-04-26T00:00:00,AGYS
1209,35.860001,36.150002,35.279999,35.639999,35.639999,50400.0,2022-04-27T00:00:00,AGYS
1210,36.080002,37.099998,35.5,36.950001,36.950001,50100.0,2022-04-28T00:00:00,AGYS
1211,36.709999,37.25,36.189999,36.810001,36.810001,139700.0,2022-04-29T00:00:00,AGYS
1212,36.66,38.259998,36.259998,37.689999,37.689999,74600.0,2022-05-02T00:00:00,AGYS
1213,37.610001,37.68,36.799999,37.48,37.48,96200.0,2022-05-03T00:00:00,AGYS
1214,37.720001,37.990002,36.119999,37.830002,37.830002,41700.0,2022-05-04T00:00:00,AGYS
1215,37.200001,37.200001,35.23,36.48,36.48,77700.0,2022-05-05T00:00:00,AGYS
1216,36.34,36.34,34.040001,34.610001,34.610001,65400.0,2022-05-06T00:00:00,AGYS
1217,34.32,34.82,33.119999,33.490002,33.490002,79900.0,2022-05-09T00:00:00,AGYS
1218,34.119999,34.23,32.369999,33.560001,33.560001,60500.0,2022-05-10T00:00:00,AGYS
1219,33.560001,34.040001,31.49,32.41,32.41,81800.0,2022-05-11T00:00:00,AGYS
1220,32.23,34.279999,31.51,34.279999,34.279999,84500.0,2022-05-12T00:00:00,AGYS
1221,34.549999,36.48,33.970001,36.060001,36.060001,72100.0,2022-05-13T00:00:00,AGYS
1222,35.650002,37.330002,35.259998,36.040001,36.040001,89700.0,2022-05-16T00:00:00,AGYS
1223,36.98,37.68,35.400002,35.939999,35.939999,81700.0,2022-05-17T00:00:00,AGYS
1224,40.0,42.779999,38.619999,39.599998,39.599998,442500.0,2022-05-18T00:00:00,AGYS
1225,39.220001,42.34,38.950001,41.290001,41.290001,161400.0,2022-05-19T00:00:00,AGYS
1226,41.959999,42.34,39.720001,41.490002,41.490002,86400.0,2022-05-20T00:00:00,AGYS
1227,41.919998,41.919998,38.490002,38.75,38.75,107000.0,2022-05-23T00:00:00,AGYS
1228,38.639999,38.689999,36.740002,37.889999,37.889999,106000.0,2022-05-24T00:00:00,AGYS
1229,37.75,38.48,37.220001,38.060001,38.060001,77400.0,2022-05-25T00:00:00,AGYS
1230,38.25,39.330002,37.509998,39.209999,39.209999,75800.0,2022-05-26T00:00:00,AGYS
1231,39.610001,41.02,39.400002,40.84,40.84,51600.0,2022-05-27T00:00:00,AGYS
1232,41.150002,41.259998,39.93,40.869999,40.869999,193100.0,2022-05-31T00:00:00,AGYS
1233,41.32,41.75,40.290001,41.099998,41.099998,73100.0,2022-06-01T00:00:00,AGYS
1234,40.970001,42.759998,40.970001,42.099998,42.099998,90200.0,2022-06-02T00:00:00,AGYS
1235,41.560001,42.169998,40.810001,41.439999,41.439999,75100.0,2022-06-03T00:00:00,AGYS
1236,41.59,42.150002,41.029999,41.75,41.75,76700.0,2022-06-06T00:00:00,AGYS
1237,41.52,43.369999,41.52,43.220001,43.220001,68000.0,2022-06-07T00:00:00,AGYS
1238,43.18,43.509998,42.720001,43.060001,43.060001,58100.0,2022-06-08T00:00:00,AGYS
1239,42.669998,43.310001,41.619999,41.900002,41.900002,65400.0,2022-06-09T00:00:00,AGYS
1240,41.110001,41.419998,40.080002,40.189999,40.189999,62500.0,2022-06-10T00:00:00,AGYS
1241,38.73,39.439999,37.59,37.799999,37.799999,106700.0,2022-06-13T00:00:00,AGYS
1242,37.889999,39.509998,37.439999,39.119999,39.119999,102400.0,2022-06-14T00:00:00,AGYS
1243,39.919998,40.34,38.290001,39.619999,39.619999,92100.0,2022-06-15T00:00:00,AGYS
1244,38.639999,38.830002,35.849998,36.560001,36.560001,113700.0,2022-06-16T00:00:00,AGYS
1245,36.68,40.32,36.68,39.73,39.73,197800.0,2022-06-17T00:00:00,AGYS
1246,40.650002,41.0,39.470001,39.91,39.91,83900.0,2022-06-21T00:00:00,AGYS
1247,39.700001,41.0,39.139999,40.59,40.59,97100.0,2022-06-22T00:00:00,AGYS
1248,41.099998,42.099998,40.740002,41.98,41.98,88900.0,2022-06-23T00:00:00,AGYS
1249,42.130001,43.970001,42.029999,43.369999,43.369999,463700.0,2022-06-24T00:00:00,AGYS
1250,43.650002,44.009998,42.669998,43.73,43.73,55100.0,2022-06-27T00:00:00,AGYS
1251,43.66,44.599998,43.209999,43.220001,43.220001,110600.0,2022-06-28T00:00:00,AGYS
1252,43.23,44.990002,42.849998,44.720001,44.720001,146600.0,2022-06-29T00:00:00,AGYS
1253,44.169998,47.599998,42.950001,47.27,47.27,215100.0,2022-06-30T00:00:00,AGYS
1254,47.169998,49.360001,46.970001,49.25,49.25,155400.0,2022-07-01T00:00:00,AGYS
1255,48.599998,50.16,48.16,49.970001,49.970001,145100.0,2022-07-05T00:00:00,AGYS
1256,49.970001,50.389999,49.09,49.630001,49.630001,121300.0,2022-07-06T00:00:00,AGYS
1257,49.779999,51.959999,49.400002,50.990002,50.990002,120600.0,2022-07-07T00:00:00,AGYS
